8869511
4213826
5380177
6784100
7341683
8088179
9388166
4338254
8597135
3009056
8740490
15325947
8136302
743454
5008986
6071876
7649900
8849566
8756377
2593338
5872251
2421760
4533357
4488299
7435358
7512157
8136782
8843953
2859537
15285975
8720059
4221444
6881837
15283375
2515552
2573933
2925153
2092111
7898156
5867009
7428648
3119733
4161634
4516891
7247921
8306209
6816781
15203969
5185577
5891123
2884163
7971337
3409477
4343344
8042509
2105436
7574543
2528347
900745
6023391
4247240
7250662
6863585
9243143
4165811
4383951
15350395
8715285
3174050
3249830
7458537
7270131
7236814
4163742
8351454
3555472
6141691
7588053
4900077
9466937
9176096
1805483
4927226
4943612
2918549
2921621
15342165
4338429
8123058
8282804
8588365
8944199
7544994
8770652
8305828
1361615
1396426
8191641
6103724
3202755
8418933
1880298
6124197
8560248
2148571
15337494
8185472
7201424
2542297
5098318
5131083
2442531
8795009
15330272
6626665
4535112
4225877
6184262
15286774
7244620
9459639
7539033
8189782
5865844
4897637
6775127
6896991
7820111
8709564
15202270
8596410
9108401
8960948
8392637
5157233
2562915
8561103
3256672
7015742
4475165
8935890
4867345
9355218
6155520
6769978
9074669
5142821
7655711
5365536
4266432
7201774
8524039
6745070
8236021
2441131
5439965
7969248
7377387
8287715
2432443
7479277
7948249
15287117
4927471
6880719
2658689
4905952
6746570
4620264
5067235
1357734
7507393
8829747
8716601
8937269
8317878
7419322
8445771
9147712
8782152
4938650
8778070
2534897
9047901
4162531
5971846
4266912
1804287
3139013
9309536
2193873
5996461
8021900
7895428
9168759
5981605
