8355966
8839303
8380540
8392835
15356142
2023451
7536756
4108342
7671930
7401568
7774310
15347963
15274225
9142418
5935168
15270133
15282421
15364342
3076147
4120609
2187265
2543622
8802468
9334952
9433257
7000128
8015953
9060513
15196363
4329582
622628
5910634
8015946
9498785
2875417
8147016
6025324
9003185
2777107
1855527
5062768
393286
15360170
4550662
737358
2998376
8499401
1798226
7946288
8409290
6058003
8659147
942174
7970857
6160396
9150680
9117918
7970863
8106029
8515799
671827
5091348
2834545
8921301
7671851
7823400
9343185
15388810
4374560
9462003
6881293
4436006
7667741
2183240
15220867
7708698
6078509
8454384
6643735
9261305
6221863
7983107
934002
15356014
8290554
15310944
2125999
8073452
8224996
6652153
15286390
8581155
4128923
6205685
7241925
2498697
4456683
2965663
8409138
5972207
7696577
15208541
9023550
7733454
4550911
8089798
8450109
6246559
15351849
8323260
9506898
8618055
6865070
6025372
7872688
8704079
2064595
7213219
2613481
2805989
9224259
4886682
3272930
6877373
4579474
15343664
6881458
7921827
8106144
3571945
7524499
6893706
7274633
6103226
1786099
917735
8953953
8007824
1892599
7037063
15368196
2949343
9064563
7835788
8159367
6197411
6951274
7430513
5353811
7315821
4333892
6889838
1863957
2760995
7717244
8257911
7373178
7414139
6881659
7938411
1396995
676125
4563282
2662704
9142674
9249172
6873459
15233527
7246157
8462754
225572
7536980
6054261
2023730
8454573
4211054
8196431
9114047
5374311
4247933
7733556
8761799
7799091
4931854
2503020
15368609
8561097
15270309
266570
8331565
5153050
4440346
5169428
5906689
7250229
8274213
8876505
8610268
15372683
2953550
7786770
5370166
5890366
9277924
4948257
8434155
6013239
6668552
15298951
8901109
1986925
8978940
6992146
8134913
9449967
7508464
6250972
4211143
8065532
5108164
7954933
9040155
2683324
9244953
8610073
7602665
15225206
8409375
9531699
7823826
9339179
7696851
4252135
4436458
6791629
8966435
8618286
7934422
5202428
2486675
15331665
3473805
4231674
3248524
8098246
2527640
6836695
7909831
2453989
8560963
8221118
4436359
5202309
6070679
7246245
8483146
2482664
4178418
7590334
8143276
8442192
4280727
8905040
2847217
4211099
7307697
7487917
9372010
7238023
4866464
7197063
4964775
8151435
4448698
6234534
1806816
1987041
8335998
9302671
1831448
4563523
9298571
7418490
7443069
8958616
1733129
2736698
1774095
8585879
5403207
6095434
8843934
9253525
15299312
5370447
3396140
1974846
6963784
6062719
2556419
15315648
1978933
8139344
9450172
7705178
5010044
8307279
2728476
15282911
4481660
6181479
7471689
7918147
9151176
4198916
266818
8606405
2069074
2925153
4461066
6038035
7385633
8598225
1917509
9106131
2454137
5186067
2740852
8135201
15250103
2945613
5435952
4653604
5952062
7860767
6730252
7414299
8504045
9499389
15311495
8491758
1987182
6881816
1880687
4334129
8938235
9007868
9200377
9241336
1847915
8081932
7819791
4309560
7455242
754294
8483583
6157020
6623972
15270507
8274683
8520197
2777762
15376999
4362957
3388066
2699963
4342481
7832291
1712780
4633297
6070987
4358875
9400852
8557086
15303287
8679962
7574252
8024794
4903660
8909344
1938101
8045266
5391097
9048609
2826885
5341951
7676634
7680730
9036346
9245246
9503273
7029463
4289276
9175603
4133630
5915289
6673057
4244106
8282804
4936320
7410364
8692299
4297361
9167450
6881979
8200873
15237695
4326037
4461203
4633246
9065043
8462941
6804153
7459503
7557804
4280992
15192580
5874362
15282689
4907683
9396837
15331845
2589398
6103724
15237658
5067455
7840389
15225371
5059262
7750277
8778358
508657
8876670
8409724
4272828
8626813
2138913
8078200
7230315
8790926
578305
9245572
15291363
4113204
7287652
15311845
6800235
7308131
6943588
7721829
7701348
5202774
7500651
9196437
8029024
9048983
8012634
7947096
7017295
15254477
15352783
8549287
8827820
9139111
7025478
8668073
5919604
2474762
8889268
4256631
7500616
5182321
9454511
9167818
9364431
8410050
2941800
4600578
8438724
15324067
5972753
8422347
4428558
6660906
8098601
2257787
7930656
8483800
8995797
8090395
8078106
3081036
7762709
8422374
8569829
9057261
2200397
7369503
6984475
5370658
15213468
2675550
8020749
8286982
15348625
7639823
7942917
7308050
7852809
8164098
8856569
9327601
15237992
2663337
6251479
2917286
2044820
4277197
7021543
5047232
275338
4293583
6058957
5051358
9098014
9356059
7373800
8516377
8328164
1373066
5448694
7857105
914346
6906830
6710221
9098022
8762152
8954682
8942396
8409910
5964771
7599049
6247392
8025018
9020232
5333908
7218091
3433458
9024321
6656937
9044807
8348591
9360223
15258426
2745338
9155423
5411716
6235016
5202839
6165378
15233847
9323345
8033178
7406483
5112749
4150233
9323368
570338
8143766
8700778
6042540
9204605
2991071
7656321
8962941
7988096
9278324
8676222
5895079
9241743
5391441
9507986
8926348
8451205
5002311
5125189
7382139
8316018
4285516
6681704
7562366
6931578
4129835
2569279
4576351
7418991
9049236
4375650
9376943
5407859
5026920
7795794
7558230
8385626
2597889
7218249
9426087
5338236
8451246
8975526
7435358
7672922
8856757
15344862
5108857
8406197
5362791
8651965
6083686
7984195
4355197
7410738
15328431
4441099
8611017
7705662
8324141
5411841
4871198
5985295
2073674
8725712
8873170
8021037
4563996
4641823
3392623
3130447
5010478
8738017
9303275
3081288
8791265
8274966
7005190
3204189
3408985
9233633
8570093
7263262
7578627
3531847
5186620
6853659
8840437
8729842
7668748
2253912
8455419
9397492
6894613
4940854
3003474
7455758
1713307
8299771
8373497
930953
6223062
8877071
2614446
7701756
5412056
4420815
9245696
15352933
5944533
8381680
8573970
2806969
5416129
6612215
4633808
8692754
8860702
9475082
7238901
8160482
8799256
9245740
5166317
5399798
8107231
3118210
8217810
9274429
7267551
7275741
2057387
8279242
3380357
2778256
7345359
8348864
8406079
4465799
7308458
8524871
8913998
5932189
6964387
2700514
8098999
4641942
7009466
8283306
7218361
5088407
5903493
2233539
5969080
4506787
15385602
4158679
578786
9524347
873696
1938669
7492738
5969065
9331837
9352317
2512082
9073790
8934527
2839762
6194341
8434812
6718823
6128984
8193402
6100308
7869810
9061761
4310349
6661493
8373614
5399872
9201054
5064027
7607650
4617567
5190996
7624047
8353122
7775574
8992169
4334950
1971513
4887917
9483703
7513434
5387643
570659
8877483
9471393
2622748
6735186
8136008
8668592
8734129
9180601
9307576
15254993
8521147
7701838
9303473
8095045
15283625
5162254
8107320
7021870
9405897
7959857
9500120
6915363
5084419
6006036
6686007
15390136
8525264
8095016
9270745
664927
6726963
7345445
9094620
7984430
6243587
6759737
5449014
8758752
1979767
6137140
6649100
7439640
6874372
4306220
4560180
8033550
8262923
8492535
8689138
6669598
6718749
5424431
7591182
7378416
4576711
2741677
6854114
2102703
2016654
7751142
3474852
6612471
4539870
8963347
9475341
9213202
738708
9135403
9233708
5383670
6837709
6899151
5178854
6059509
8652073
7398848
8267214
640443
9172281
9458978
8545590
5010930
9147723
8688965
6907307
7726513
7894449
1725904
7480760
5453208
8770891
4244879
7869867
1365441
7632301
7648685
4904340
8959319
7628183
7517594
15283461
2794950
4498856
7824795
8992100
9446781
15316230
9401696
7767431
8205708
8549747
2786777
8287629
4232631
2905556
9090419
1697250
2598363
8353152
8992393
9238158
9414284
8918660
5936714
7521891
5133914
15193840
9410200
7935577
15214281
2770443
6985295
9041580
951848
992807
7849567
5060199
7452251
8849069
2831879
7218755
5944948
4142607
3204610
8394419
8295999
15267499
9197263
8877761
15279777
15316645
5166592
7665211
5436931
4417051
15242930
4281882
1726022
3077746
8992491
9131752
9303784
3413586
6026813
8238618
1922677
8394475
8959715
7546396
517751
3090013
7239197
7792130
9049852
1398370
7939598
2487897
6960662
8845050
2741846
15353450
6735589
15234657
2606766
2987686
15320677
4626122
9147911
2082449
6837990
7837433
15271544
7018232
9389596
7448294
9516550
4249305
4921042
7616238
9143825
9057815
4454108
9098796
9205290
7313095
5916400
9512509
9479715
2725533
8631862
7943886
7976643
8058567
8881722
2868885
2872980
6780632
9512494
2705128
8218292
8509003
4449935
8406604
15230501
4499082
8545869
9111108
6035084
9184857
8959582
9442886
8689246
3540713
7521965
4568740
15312399
878309
3450588
8435311
8468078
8140428
5428899
8455794
6919825
1918695
4454072
8754814
9090673
15336980
7931527
4359869
8124281
6702949
6006623
6203226
6932332
4253512
5445471
6063952
395030
4593488
8439702
8550298
2950967
9283479
4179745
2946829
5441394
4396896
9058217
8705952
15349708
8238938
9459639
8365910
5011296
8275795
3176222
6899527
3520261
5162873
3086103
8497080
3208971
8460221
8959946
3458930
15275950
6129428
2254697
9324482
6022933
8878025
15202216
8230706
8935367
8304424
8886237
2787147
690028
4626208
6223672
8181527
7677723
8640499
739192
2627420
3266373
2430800
2099031
8857599
7575304
2889554
7931654
882566
6977511
9021188
2639782
7796729
15292280
3221411
6907899
8108009
6059978
9246490
5961669
2840458
3123086
2623366
5109731
7669722
15370073
15279964
3217289
3082134
15218518
5892071
657333
1976225
6244245
8410955
4642698
4904839
6137746
9324380
4528016
7284666
1779661
6166408
7960495
8034220
8517463
7309237
9090897
8955732
9250641
788433
7952295
8935254
8460128
6125492
9447290
7350173
935905
3545049
7260062
8546163
6805396
2697182
7452550
5453742
15370474
8915080
2951212
8624263
4134970
7514235
15325411
2832420
15251706
198679
419858
15210748
6170696
8579220
5138518
6195264
5449804
8972459
3430418
4561005
9492667
1873971
8030282
8173644
4159502
2742299
9054392
8435891
9472165
4114438
6076518
702513
5875813
7698505
3532810
9165000
9283784
8546500
9455830
3217529
8702159
9328834
6653992
6879270
3455099
15337658
9255132
4581394
8894672
7743534
15345841
7710741
6899720
9005284
6187056
8677620
3381317
6178853
2558043
1378411
8390656
9316365
7969023
7362807
9246725
2836646
7989495
2431146
7805158
8411154
7682273
9091102
5134555
8046818
8771613
9132049
2607289
3274926
9226284
2799755
5900536
9537587
6633670
4266212
9291816
15308879
592046
8206548
9386022
9152548
7542979
7313628
1939625
4258036
2189464
15366224
1984734
706763
7645366
2046169
6977709
8394823
8501318
9041998
7530680
8370355
1706199
2959615
6867131
8472658
3250405
4282517
7653537
4262041
6838448
9328727
2844919
5912708
1816827
9197679
8632423
7788688
7391385
6080690
9357408
15362074
4917435
6756502
7379074
5163192
8775807
9246838
8247424
8497276
2177247
5130417
6203742
6166876
8071545
15317485
3078441
15342050
7764351
4892992
3004704
5400924
6887783
8235379
9472415
2758971
15325690
2627889
2734386
4249951
5921093
7965030
2496774
6945098
7866716
4299111
8341848
3160347
7833947
9042341
9542076
7940439
8223058
7702853
3176705
7690567
9517475
5130621
8116547
8395192
8468921
5126514
4249982
9410993
8206652
4901128
6175004
6179101
6224155
9103810
6248725
8452556
7600446
8071476
9304543
7751971
2566513
8214827
3426668
5372168
8018208
5351695
7412015
9157077
15305097
5056809
989545
8358169
9017838
2423117
7706908
8763895
8559092
6146346
4917552
9529837
3451211
8514046
3074478
8874246
9541907
3197363
7584245
2615712
7461366
6707695
6117846
9332997
3566008
7850469
5458368
7535073
8276461
8624400
2636222
8059362
2693552
2714034
15284597
6896072
7776725
8501541
502178
2652557
2562432
9443640
7616989
15284549
9541948
5192161
9222434
1817012
8464686
8378831
9111870
7600586
9169202
6662622
8346052
5417454
7604683
5986712
7915963
3492349
2992615
6744492
8128951
9152839
1386970
2099695
7743904
8133025
9341264
7993766
6805891
7272836
9099616
4901281
5364154
8546670
3455449
997885
8251791
9464163
8604023
8051084
15374621
4323769
8763772
3246539
8083840
9464171
4872628
7232111
8649346
8931977
1387027
5433940
7760508
8936067
4549192
15256315
8079976
8530577
9460357
8632980
2910774
8149606
4291166
911917
8719012
694824
2533902
4389480
7371354
9087648
9370276
9382562
7785048
3426843
8460977
2484752
8219208
7191125
3398153
5864035
7408203
15305429
2939408
15358679
4131330
8055365
1354326
7367218
7227949
9087689
8743617
8456903
4184696
4917762
8378933
5896722
8190519
2493034
7862843
7330337
5073410
8858327
15227578
7797284
8841938
2841213
6175241
6769214
7244341
8276515
5098030
1747583
6814210
5364278
6240818
15362693
5020222
5925420
7399942
2632274
9083632
8764153
6142499
1780324
7969286
273029
8346365
15329900
4348613
4094644
5085889
4610774
7011067
6634231
9337373
15211132
2693821
7715553
7924461
5049044
2968246
6052606
2615939
7994077
3238548
6687438
8293074
7248577
8039113
4381431
8059596
7707330
5098230
1702565
3095185
5106418
9300557
4627079
6884010
7838385
2534127
5057156
7748287
9169473
9521729
5347968
8931930
8649302
8845905
8948319
7781038
7625389
4106978
5450383
9509453
8755812
6191804
4197027
3504849
1854202
8825440
219881
1989364
8116875
8018571
15342104
8116872
5425830
891636
15239697
8346245
985843
15350766
7412597
9448340
2882350
4623182
6015826
1800981
9268099
7031652
3238690
7314298
7809901
4172580
6826826
2571012
8121176
6183799
838439
2915079
4213611
5106531
9145253
5176161
8539053
674618
8285007
9485217
2927391
2804508
7547722
8973235
8145728
7498572
15231959
6056803
9472943
1805147
8059706
8178492
5085966
15248301
15313836
6634274
4938499
4553487
7699263
4553480
9255875
15285158
9255874
9149403
4647703
7351073
8629202
5430017
6232842
8207140
8354598
7351084
7514899
15285120
8498156
8264462
4119375
9239550
6703893
7944975
8141572
6626079
8518651
15244180
5102385
2493272
9329648
6650650
8952585
2440103
7318508
4512717
8100849
9104134
2972578
8751895
383888
6921215
6204361
8358885
4611037
5938113
9288464
7941081
2939790
6712258
9456438
2554766
7785438
3402648
15235929
7252956
7625665
7535556
15190864
5331945
8281031
9493290
5405673
7314386
9464656
9014088
8162232
5430170
9464666
7551928
8674120
8923973
8260528
9526110
2448373
8411984
9046875
1399750
6609843
8559449
6642616
3116017
8293281
15350536
9169769
8305565
9108329
1375217
5405620
4619182
5872561
8465257
8723308
9108325
2784218
3255232
4332467
7392129
9296764
15334171
6945693
9530213
1739756
4287417
7650185
7584652
7609461
9317516
1817631
8572038
8293499
7347318
8289401
2755617
6224978
6646888
8010869
15355130
15301882
6671472
15240447
7937134
8514713
8625305
9071760
9047190
8432797
6249537
15375563
6986825
8531109
7015491
15383750
6212722
6859844
7990344
4918393
7392325
703548
9440424
3472394
9166027
9256140
9510099
4897806
2706529
6216727
7683135
4320269
5995543
9346242
5930005
9022681
3386466
6171663
5889034
8313899
4881437
2661489
6687807
8781022
2042944
9174228
5098540
5069870
1989754
4447270
15309966
8367126
8461544
7314436
8264725
7810074
7871496
8092681
9108728
9440482
7253015
15244435
8551679
945265
7027947
392324
8330487
8956929
7994613
15305828
9444382
580743
6700265
8346864
7781606
8101098
9468929
8698903
8440854
8125676
2981045
15232114
7453931
564392
8809510
8203486
8142041
4189336
8469544
7322821
1969330
8199377
4316401
4558069
7695559
8281291
8539192
8784954
9055287
7986374
15326248
15387688
6143134
2125028
8555590
7343286
8637508
457933
7646392
8956996
8137905
8514636
2956514
6167697
8981574
2624762
7662752
7720109
15375411
3218667
6081670
8830044
7687342
6126723
9137237
7380112
8936554
6814850
7408788
9223269
7552156
9145464
8195209
2202836
6732944
7642243
2538718
7490701
5025100
6864232
5016910
15375849
8703367
3091755
7327082
3480892
7576954
6724972
7691647
7585144
8650120
8068470
8142195
8318321
2260272
744735
5954895
9452933
978198
1867012
8400281
4914512
5414222
15216117
8646046
863507
7765335
3300629
8957359
2493711
7277889
2792731
9313727
4898168
8781233
9493933
9461166
7388464
5889304
6237470
6765860
916809
4369670
6065434
9391560
7376186
7904564
5025052
4107631
6802742
9309660
15203764
8744406
2575731
5061912
4324633
8904157
4275482
9539057
7683350
8609255
15281548
9305576
9448950
7015683
8453611
5143842
8453612
4951333
8260881
4615478
9457120
7843077
7445764
7478533
6982930
9166322
671088
9055728
9186806
6212898
7671048
4255039
5455314
5340629
8199672
8019452
4169144
7863792
679298
5004740
1387928
7331298
15256935
9252098
6073798
5164522
7978461
15351116
1834428
9383208
8477992
8920353
5873139
15351111
9342243
6188526
8031690
2440596
7941576
8547638
2878867
6237666
8072645
9362767
15256876
3223029
8494405
15277359
8428873
2649573
8613201
7191998
425439
9530699
1293768
7945636
3239407
4947348
7609749
8535392
7781781
7859604
2698690
8277397
7257475
8109462
5918133
15326489
9153915
8031630
9121151
1777126
8023428
2674135
7904647
8564093
249347
6700646
5127756
9428617
8240756
15232738
4234827
8760974
7544447
15281894
8277617
9146015
8302179
3452459
6798968
8134239
5365367
3071497
15367874
4275818
9379489
7589468
9424544
15220441
9121459
6930004
9416370
8306236
9178825
4562435
8064573
9539289
6626856
7851558
7925290
7011902
8695504
8908496
6979122
4951575
2539128
4652569
4337187
2694731
7794197
9072361
2936392
9264873
4439595
2862663
8744681
8605422
4963877
4369974
8531701
2645584
6221348
15363734
4095552
6147618
2576038
3403442
4406977
8822276
8777217
3538611
8339193
7306983
4951746
9473562
5971664
4271821
2150064
2711224
4878043
2502325
8658455
2121396
2932411
7298804
9465356
8609310
3444395
777898
7999192
7655127
2141829
4972270
4161177
7839454
7671519
8879659
8502834
5099257
7782080
4443892
2137755
925363
7581363
8007352
2551525
8597067
5082756
8605262
9018973
15371839
9223769
3104504
7483050
7999137
2100991
4185824
7724714
7532177
9162344
7278219
15289863
7315102
8285839
8269453
7032478
2731742
3464899
4579000
7564941
7958393
5173065
9305991
4456271
4927303
5336925
5009219
5132097
9019289
5463874
933656
15257585
8822687
8523676
15192007
9076650
15372236
4243302
6098805
2154251
3268383
5107581
9396159
4484983
9338813
2006824
4415349
2236184
15273938
393017
4972406
8470460
8146755
5435154
2957167
9453522
5975839
8957900
9105358
6811426
9351113
15200174
8298292
8458187
6774571
6881080
5918475
8441809
2670460
8564695
8843219
9019356
2920315
4898578
5205780
2797430
4337437
2993996
8138526
4120410
15208320
8142614
9515005
6201139
8044309
5377827
8199945
2834270
9068531
749425
4366136
6061862
585587
9101300
9101301
2682793
860041
8040446
9387786
7237609
4186039
7348223
9170692
1802123
4964318
9481989
6766577
9518855
7749615
7561193
7921635
2080643
6684665
8171488
9068310
5451726
8007655
5959620
15331190
2838411
3211156
5144549
4890596
5365758
6967258
9170747
5365728
2703259
8621873
15269723
2994078
7364547
7425993
4206586
8798009
9060170
5123983
8466244
5959581
5119878
15339296
4497288
4624266
9363267
6147981
9342813
9260891
9039700
3428330
7544749
8474463
7368623
8544093
8400736
6975368
8982379
6934413
1314801
9527161
2654145
217065
8073104
6959002
8466288
8703863
15347487
7225239
7012241
4239292
7778186
2645974
8396671
