6208348
8050809
8606848
4624963
1382930
2917156
15363809
15273447
6663039
8772249
8928427
7448917
9414059
7805521
6723393
2877955
7040067
7348826
8645288
4206702
4253040
9448354
2953497
4344951
4116997
8137799
8863676
15387351
9461166
8109624
8536513
505922
8426693
9423300
15335589
9141979
7351073
7446052
9177305
4315416
6103814
8850906
4288033
9103082
8098072
4366119
7448086
6893569
9203941
8230934
8907498
7830791
1758315
8939514
6921244
9311483
6214184
3459139
6763280
7950350
4125760
7937784
8427265
9516563
6183389
5348565
9484567
2797986
6908385
8027634
8970008
8108520
5912257
9082646
9389587
6927607
4952302
8142041
5999100
2649473
7605725
2256777
8881707
9200419
6180846
4223729
8242639
15317075
1738663
4200837
2767841
2935015
4915335
5149827
8493908
15265086
9206618
8118188
15241009
8553051
4511135
4939415
9548365
4290204
4395164
9465167
3472081
6674563
8956256
15200522
6688395
4144849
7398558
4379821
6968474
9314424
6165417
8807551
2748370
7198097
