7017067
15214315
6063704
8819842
6864494
4557900
5154887
3290681
5976151
7003239
8125558
8396429
8116853
2532905
4540497
2143797
8262763
5939788
9530503
5371979
8999062
2103808
4527717
6767174
8564896
7855700
5400692
4242023
7216713
7522901
1408569
9450172
15294660
4616310
6919256
6126702
575038
2199575
2056229
4895857
6064743
7471689
8931507
6930004
1411157
5202956
8103999
3414641
7413303
9546455
7941182
8941248
5981201
7582265
5431326
5157379
7850042
8500940
4461066
15319718
15298232
6730292
1859144
6063115
8833759
5936128
6115335
5444616
9156816
2454137
8231459
2654839
2657864
9418478
4970024
4937774
7955999
8278550
6141492
8111122
8303124
8956642
15193739
8403181
9095399
6187056
8754410
6187566
4213299
8774390
8178696
8741107
4154439
9290487
916081
4940854
7289361
8137218
7856136
8029946
3079855
8272635
8330487
9220100
3558585
6842599
9498112
7962344
9216029
9090077
8046818
4881619
15232114
7766765
8352484
9542154
15264373
15329908
8180961
4272867
8425506
7874779
8023262
9055788
7830239
8005331
3547804
8182994
5384445
7668954
4223729
415924
2627739
9245246
7277273
7299289
15217759
8408120
8627774
8977975
9149492
5888152
9239117
5426832
6108831
8073912
4421766
8507460
9286728
8413254
6063253
5018246
6181524
8752207
2905319
7593656
7891627
4577424
15325247
5965452
6910131
2844919
5359757
7882917
179427
787181
6705793
2063607
4881571
1752816
8203926
264937
8363152
1958636
4937402
755449
5998249
5895338
8431733
2019558
4274361
2794195
5929120
7982210
6213794
7927428
2808535
7986308
8230019
5993124
3277616
7490416
5924697
15262188
7530359
9474966
719117
5141830
8077171
1418524
8107377
9446298
5968720
6086990
7506273
1855753
8194917
2944822
3254059
2242878
1878785
2864438
7422803
2137859
5890938
9460149
3393301
7513434
8661420
6132087
622375
2666758
5062521
9237946
9473449
1421615
9303473
9454509
9367502
15322540
6224155
9326027
9445845
8736195
3240310
15200174
8311604
2712441
8805334
9307614
15201713
7706914
8749522
8274213
4568345
8342818
1379147
5878535
9355758
5361971
6098239
5881658
9102318
9522677
2943817
5867327
8190234
5411637
7762705
9052130
4363052
6881543
9211874
7473949
7556892
2240851
9314300
2944344
8791538
2550097
8560632
7341324
6841622
5928229
8083204
9101301
8409347
9069838
224646
8639749
3019177
6734318
8342517
8657678
7705081
8224240
7624187
15351162
5923274
7373280
9355548
8624400
8262121
8811294
8807711
9413908
5433807
7844823
9212717
9549108
8522020
8761123
3251606
5404149
9349926
5178854
6008306
7273924
2950529
6216178
8524079
15314758
2880411
8570673
2431888
6839773
8710450
3421582
7599049
5182451
2423193
7415733
8037822
2217444
2804204
2186214
7408566
8978766
7751101
8864588
6656937
7015333
9164100
8511312
9389917
1701839
2593777
8453462
7392167
608721
8081827
2468351
7271347
4148192
8433503
8986985
4120543
434657
7469462
1926641
9259389
6902170
2823645
7326105
15351069
1976809
2905556
6706591
9260919
3413448
8735608
9198451
