570376
423938
615948
1380882
455695
576513
605696
637440
759303
569351
198679
893977
775709
865819
847892
1371661
416285
611346
880662
740375
984595
659479
715287
975919
694824
455210
1412132
438327
1415203
240692
1394735
585268
421944
586824
740936
697417
910410
501325
615493
911427
759912
1385585
1404017
775279
1383536
277100
681059
910438
425590
977022
925311
424051
1372771
936569
437382
442498
636046
976521
644737
1383583
579224
650897
916116
921262
199847
637100
595631
949417
1399487
610466
266409
275120
941754
434865
774323
560328
389831
429762
962249
729283
920259
873179
941272
196824
574675
878316
960746
955624
182519
254719
402683
226050
972559
271110
731917
995592
277260
578305
234249
991489
887066
274718
243992
876816
218909
899858
953132
945962
1410355
232747
1386809
857913
792887
403256
499013
1421143
600907
559949
1374042
229196
401748
999771
791897
1381706
739691
648553
919918
397667
858980
748903
1388920
1378171
462696
401783
692603
1391462
994172
766846
848245
664432
394616
967567
421251
908680
443264
1404829
768387
779650
750471
947586
592262
676250
730521
766361
790430
434581
673685
589231
644539
773054
760252
229310
238525
657333
1419223
734671
596429
868808
508878
192456
498636
1386970
1401285
747994
457684
605150
965614
849389
890862
1375217
1375729
648684
1377279
1384958
421357
653794
944610
789986
520168
589799
419314
985076
447481
