5106766
7466102
9454743
5346393
6639725
6660205
3541050
6039632
9258114
8889489
2654258
8625305
2189370
2428929
7467092
8680610
8501418
2942977
9386145
4488299
7361631
5137535
3292160
4966521
9374909
9502882
2482193
5880941
2019371
9346235
8517819
4453502
3421300
2612325
2626666
7733300
9509078
4415499
8357941
7374908
8087607
8364083
9080007
8200243
3506276
9312476
15299770
9106649
7735328
8914143
3533932
8634591
8647906
2943054
8394979
4603937
5932083
5136416
1733749
240755
9257212
4534326
8262667
9100543
1948773
8273926
7368714
9211120
4539451
8702980
6926568
7951608
6023391
8732674
8052979
9141250
7262434
4575435
9244674
9246722
5074143
3178659
7205118
8259818
8519700
9107485
612521
9423918
15345737
6622402
8164564
9309222
9276455
6154481
7753944
9428001
2726041
1768616
9424954
720061
6171878
9111602
9337904
15282221
7584951
8524871
8275128
15387693
9013326
5097607
1773776
9291846
7231648
4156654
4525206
8276139
8652881
2598129
8332457
6212742
3460333
7040178
2486527
9488459
2432249
5895301
8617055
2960627
8689754
15236151
6060163
8710235
4095198
6677632
8892514
7600276
3520733
6992002
2051318
9477241
8504428
7924887
8611948
2727129
4552885
15242267
9304185
15249424
3551436
4956336
197891
2231586
2611495
8437121
1404183
5912920
228614
7617907
7019872
2513193
7012708
9335169
7932266
1699085
7412068
7498087
758045
8884625
7205236
5366091
6760829
2792753
5369162
4541785
8609186
8571297
8895907
2980107
4954477
750881
7410011
6837571
8788394
2603274
15378885
3552537
9516478
15206872
4149519
8710576
8684978
4935036
5999980
15254993
5954912
9148849
7483721
9010615
5993754
2219363
9318861
7354677
5145864
15349165
7362871
7679282
15348131
7512377
7243043
7319871
7967017
8531410
8665557
8683989
5902600
9300446
4221205
5381383
9434581
8432091
9183703
6951222
4359453
9340369
6914312
15229324
8263958
2493771
3421531
4615478
5157180
4644149
2709852
681341
7478533
1788257
6633758
9188855
15333780
7923193
6723044
771464
4211143
6867424
8539402
1734035
4324808
8145399
8593678
15199593
5455324
9313537
1864076
2709945
1715595
4410834
6246861
5060057
8806686
6145473
7563731
1411508
7204303
6732229
8422692
6989263
5999100
8902944
9369892
2914695
7447002
8029654
7662041
1703351
7869911
7273951
4432369
6615511
3565954
8694065
2769308
3503501
6005218
8210881
2974099
8087995
4925834
6173087
7399862
8674627
7236006
2457076
7339454
15316283
4885913
4394391
9304409
5113240
2898427
5882242
6212995
9285971
6622597
9455984
8204700
1355254
7478673
2969033
7547287
5057960
4972973
6998412
8821088
2856386
7999891
9097574
2745796
2834886
4321715
1910248
2635229
1386978
3561935
5439912
9024882
6023591
15379735
7939463
2072032
6951530
7467635
8247935
5433940
6091355
4930114
385551
773633
5144133
9021058
1810954
5453376
7367267
5983823
5897807
7643747
8112739
9116305
2543165
6128198
7823979
1313289
6734456
3114544
1958461
7333454
9302698
3221019
443946
6079089
7704152
6050419
8011338
5062271
5999212
4481660
4888176
8474299
7006801
3231244
8049220
2960914
5376528
8626880
9248459
1799772
6083092
8369718
6843940
6957606
2533993
8286769
8983259
8641237
8555221
6102533
6722110
6897201
7889445
6937142
7955993
8841959
934509
7486993
15345294
8431333
8939245
5151272
15377026
3496540
3192412
8640238
7954967
450165
3267138
6862364
8914685
15347356
4581938
6967837
2208345
15360659
4941362
8200705
8034823
7538419
5881563
9540114
8462853
15333999
7453431
7372536
8521226
8960513
8582665
3486393
8960517
4280017
9246236
15349368
5386945
9500163
9071134
2535091
9119262
8487453
15274612
7992039
2808501
7453422
8984105
8275671
15246914
6886083
5436153
5446396
8843830
2117267
15288924
5943010
6202087
5439209
8623678
15359572
8426046
7405232
7429810
8823361
5133958
9378375
6653612
8282804
9014851
3170045
5411487
6021781
6080146
3098336
2712313
4282001
6015631
9018973
885467
8890960
6709951
2149114
6234756
3535593
15195649
4589216
8461927
8301206
7031424
8674921
1309436
7491229
5893800
7415430
7500424
7829132
8795773
9394801
4964169
6723428
8912782
677638
911104
5386079
8870794
4606807
7999339
8573845
916247
8275813
9173910
8234844
7917402
8582048
9118632
4243302
9421737
5184360
5991283
9180069
4907873
5380985
2749191
15347675
4263794
704319
2599698
8953790
2535185
7958339
3504910
8302402
9167818
3449719
15238061
8876994
8735683
8459209
6770476
9128923
9102299
2747259
2007885
4952856
3497838
648021
1379146
7385903
8457182
8601571
8180511
8913900
2643789
7638802
8345368
6135605
9005027
8633320
9457659
5191459
9314300
8303370
8898546
8666098
8638459
2515805
15228820
8914933
9478125
9121781
9441042
9203464
4636611
4296648
9197314
7334911
8469265
750488
7959533
1763212
2039689
9005842
1795972
5057490
7479277
6913985
9467704
7712735
7731167
2935680
8388563
764837
8187859
15269720
4911096
9454370
5885930
7568320
7817156
5928942
7625665
9486118
6746078
8981296
1815457
9276215
2985872
6919124
5915621
7560140
6940587
7993275
8735559
2100196
8934220
7218091
8384442
2241514
8708941
7551928
7605176
8202161
2605032
4166639
7959465
4216723
9399132
15352637
4263830
9086813
6008707
7884705
6166404
8402781
4645784
2623432
8384415
9139050
15281930
7017352
626669
7714707
9336680
15193856
720866
5879733
4313004
2547657
7827352
9077626
4645810
3200965
7512965
9219963
2791378
8355719
5996450
5143476
7310229
3124179
7573388
