401415
575500
423950
690177
233491
907292
198679
743454
784414
387091
589855
598046
935958
260122
665619
880662
280600
432154
452635
393252
1402934
233504
516142
706592
622628
526375
577575
720932
258099
270391
716857
876602
854071
890935
401464
249916
393286
749641
938060
737358
784451
860231
886854
190542
276555
278612
942174
989279
561245
1409091
671827
520284
708689
890966
987219
647252
440408
981073
243811
759912
997482
974948
852067
731236
573543
583800
696442
977022
723070
911483
958584
675952
991349
1384553
880753
934002
1378411
964721
985229
741512
442498
702607
882826
395401
393366
751771
610458
944285
252055
979097
211099
665746
895125
579729
995477
522395
948368
516263
612521
1421488
749742
776366
690348
886955
944291
895139
684219
237745
891071
970940
1409185
577724
460978
774323
936119
657590
221373
409784
936113
995504
504003
516291
211143
217287
852163
194765
774361
1384646
461011
567516
565458
196824
442589
833744
872657
461018
622806
456935
680169
833768
837864
960746
616684
200932
573679
659693
567525
266486
932090
616700
780541
1407202
581873
622832
690419
454908
950516
917774
614666
975113
387340
512266
991489
454921
588056
663834
203030
772382
745756
837915
887066
1405196
876816
950544
682280
1372466
225572
624929
952614
407855
420140
999743
602427
1388833
502064
696626
786740
604464
612656
948535
581939
954675
577846
461112
788787
598344
846157
915790
854344
395599
520525
409932
899398
278868
563544
512342
401748
1378627
756061
663890
708947
573778
899414
659796
762219
944492
950636
567659
989545
444783
622944
848231
852320
1399162
452969
741753
416116
887167
1390945
835960
831865
926073
747890
504189
514428
766346
831885
741775
1372561
620943
936329
991623
1395103
1409432
842114
592262
434581
774552
960923
876948
223640
395675
526743
862637
973229
174502
709036
514478
975271
635301
416183
766394
627130
205239
768447
590257
451004
227775
858572
219585
911822
215497
250313
922052
950724
958917
217551
1415640
195020
776667
747994
950751
616924
754141
238036
1374671
870864
262618
1376759
696809
684526
565742
1389055
571874
1384958
653794
264681
649723
264689
692735
686588
502256
1386978
891380
1378798
436742
926222
991757
856590
1382930
860676
268814
272910
385551
567810
416266
954882
561671
268820
875033
739870
733724
975383
573970
414237
416285
184863
715287
729621
406053
635434
281132
944677
512555
858656
864800
723493
1407526
260663
621117
961078
633392
387646
205375
772663
743989
770635
903757
995918
186945
934474
1374801
621132
266818
567874
789063
424522
590405
864833
850497
905795
762459
461398
614995
885329
438875
698964
746089
625259
934509
225895
844393
1380979
631407
686701
1399421
244329
264815
848481
721509
1399397
776826
436852
924285
780927
717436
512624
836212
709233
275064
723573
187004
426616
856717
989839
656014
268929
526991
445070
1415838
660097
580228
582278
633497
756379
580249
780954
266903
600733
1389184
600734
889498
1401481
514714
615063
240294
662191
957097
576162
404141
559779
1389241
909984
715429
236211
672440
1376934
459441
676541
834230
780981
889551
221892
785091
731840
389832
719556
1372868
203475
508630
574171
248534
1409731
410320
873179
508639
936662
502494
506589
412380
895725
410343
936684
262887
576235
609002
635629
879336
660205
783075
955110
238314
219881
1000164
191215
461544
1389285
852734
891636
1000181
436989
254719
566004
848624
709364
660213
271109
936714
254726
598796
205573
201476
772876
443151
578305
234249
975619
942849
940829
760606
207636
746259
666387
738065
416540
557844
652053
992019
928531
758570
936751
383783
1418033
705326
842538
1383229
996135
744226
594722
701220
404278
719674
641848
508723
691006
1405731
508735
772914
686897
869169
451385
209731
994127
748362
600907
877390
273217
510784
557903
785228
1395551
643906
953153
627545
631645
918359
736081
852822
383833
652117
873298
263013
1379191
729960
523107
252775
625516
945003
979814
729954
750434
858980
512877
441196
865149
869245
918396
994172
281456
646012
772988
867194
627570
459643
955248
1407893
1414037
607112
897935
691081
787336
703372
1377181
732034
791429
859012
748417
631682
603013
750471
195468
451479
779161
674713
525212
734110
783261
848794
457629
1375113
1373066
222108
773012
648107
791470
979884
281512
678822
852896
764837
922528
519080
443305
613307
850878
1418150
662457
279473
773054
730038
891824
713675
781257
875467
979910
498636
725952
713671
1373147
875458
238547
629721
457684
979932
1399750
521171
1399756
662481
891857
957394
734166
578537
836589
1375217
609262
766956
998376
521199
662502
654308
994273
906210
955391
424949
906233
877562
924665
977913
562160
650225
914421
787446
732151
439302
218113
592907
513028
1403921
609293
261125
510976
695298
789508
445455
758811
961566
556060
893977
914457
597022
570384
1399823
752657
996373
629778
699414
775191
439323
687127
625687
386083
177189
689197
990248
570401
767008
967717
912436
498747
429114
756790
724043
207938
627784
666699
498756
259140
910410
621633
676930
562241
574529
601152
1385561
842817
883778
275540
896093
951388
1385539
414801
420945
1391692
570450
730192
201816
832620
1404017
775279
949355
926822
562273
570466
910438
836704
871521
1410168
930915
590951
240755
730232
183409
873593
783486
437375
683123
621685
1391764
969866
971908
580743
914588
691352
883871
871582
849051
857236
971927
1381519
773264
1414280
779414
640168
875695
933037
961709
199847
1393842
1402034
689325
949417
996517
672932
906402
400566
711867
988348
939194
666813
953527
875703
1402030
834743
857270
951477
249027
560328
955598
965838
980174
634059
171205
836805
965831
457933
785600
918721
689370
881884
845016
636126
1418444
730321
685271
658644
179427
279781
912623
718057
955624
220388
632033
644320
578786
603363
613603
623845
218350
253171
896255
976124
1375457
226550
673021
185594
230649
730359
1389800
447739
781558
959731
1375466
740619
197891
625928
670987
838925
1404183
591115
228614
900360
462094
838914
744735
668958
943387
744732
791835
834843
920850
187676
648471
883987
595222
697621
693550
277793
1404210
959785
406830
1371453
253226
855332
996646
884007
570659
1412409
906530
861500
711993
261428
935218
914736
460088
890162
404804
714056
965964
1377622
224583
877897
499010
920904
425281
1387868
922951
664896
564550
712004
191826
587099
443730
613724
712018
937302
757078
687444
1381706
1383797
623977
648553
626031
685408
697697
656742
845153
677220
963936
904546
1375590
437620
654715
611709
499070
589169
574835
720244
220547
771464
189830
1408400
767372
679298
241034
613760
779650
945543
916871
904582
843136
908672
730521
644511
955796
978324
611732
892304
763285
873875
949678
251298
669099
845230
927146
695724
859563
691616
972194
839073
591291
644539
966077
406963
691647
611760
277944
439738
845233
669108
566711
683467
908748
189889
241088
560588
636367
519631
718273
245199
961986
415179
1385946
1373636
220624
275927
855518
792024
663005
425439
626131
579031
779755
988655
267750
859631
916969
722402
269805
595424
767456
583141
642532
769510
789986
273899
1375718
218608
407026
683518
224756
245236
769523
400895
687601
1404392
267781
417285
615948
237061
613903
251396
683533
706048
773633
986628
1388057
738842
386583
785945
183830
855576
728605
501277
568852
984595
843283
454182
736815
714287
951848
835108
443946
712231
871968
869923
851491
906786
661050
699961
575038
253492
976441
591411
779825
599602
624181
237118
925232
685641
962122
677443
884292
501325
628290
560708
517704
519752
564807
185937
863838
874073
888409
179799
732754
599634
724566
753237
589399
1379958
757347
609888
869991
908903
960099
1386107
1420901
620153
589433
1402470
226935
726652
194165
726643
953972
661105
849527
734839
448122
761463
1396375
970381
900745
214661
587392
644737
206473
1406616
519816
741018
743066
425631
571026
763543
1410741
980654
595631
1420978
605859
673446
992930
984765
941754
960182
792245
501435
227007
884429
876236
677582
970442
675533
962249
1392351
605891
954053
853697
648903
702170
677595
620250
650970
440018
624337
1377999
212697
931536
222940
1406709
921324
929516
964332
601834
839407
585452
693997
773868
878309
499437
732896
1375999
990948
958178
765670
653030
755449
591610
1412832
612095
726780
777980
882420
708336
857841
964336
761588
882418
993039
573194
177927
573184
507660
593671
739076
1373979
395030
651032
925469
567068
933656
665362
503578
218909
433958
388897
681772
921384
622369
872229
1380156
241454
622375
968480
458537
417590
225073
646970
560956
835385
1386275
499504
929593
892725
898868
393017
970546
790321
403256
862003
200513
960332
663374
960330
212805
587584
988998
687942
792386
974687
501588
880474
749394
415580
712528
507738
776021
647017
894829
1380209
606062
683885
636770
1378171
462697
755557
962400
833379
599929
677754
921471
939903
739192
1398637
456575
585587
974709
579445
1380203
1419115
784267
180097
860041
1396624
632716
1372062
558978
882566
622471
681881
702367
718751
870298
849813
774038
673685
1372087
393121
624556
1378238
905126
589732
503721
282539
1382309
403378
1376161
896945
440262
937933
962506
894922
929735
1421273
868291
903107
227276
1406917
663512
620509
516049
749533
737244
409563
581590
782292
878573
888815
890862
626669
708588
411631
1400830
948194
217070
1388538
589799
731131
204784
628730
919544
722931
237561
974836
878577
