6873192
6176856
8188027
9412739
2056206
7282812
6746227
15270133
15282421
1421322
2543622
6074495
7786581
7802968
7770183
8511667
864315
1720365
8376392
2134046
278596
2760811
6909995
9183438
7344182
15331493
1921104
708698
9212124
9150680
2986107
6705215
5034000
4374560
6750213
7598097
1732729
8925422
7667741
15351939
6873093
7647238
2855006
458879
4194360
7335958
2642004
442488
8974344
4358342
8728578
8138997
8876044
8302831
8405010
6668534
7205118
8392726
6652153
7553263
7287025
15286390
9015337
9478198
9519160
7401694
7753944
7291072
5984489
8896575
749746
15306836
8323260
8507460
8695874
8351927
15319076
4542600
15306810
3272930
6176906
9142365
2511103
7925924
8007845
3162322
2785486
5025960
8892525
2494669
6824067
7041159
9080934
733412
8163465
4120776
8908913
7626894
6213794
6918292
7430513
4415810
9322895
7774581
8974731
7803251
9109890
5968208
6984033
2933024
8847753
8032622
5079382
6873459
2711862
7328076
4485472
7373141
7565653
3481862
6783316
7610689
4927858
6926632
15262122
7733556
8643009
15200676
8503746
15303085
4395275
5464347
8835534
4895002
6791472
8749522
5464334
7680277
15241610
6725892
8950250
8491493
9277924
8946150
8839668
15307155
8405498
9449967
9511187
4252099
7692790
9384203
3285435
9347335
2568621
15241575
9007377
8327654
2183610
2470329
5337589
7946709
9007398
15274328
7725508
8483120
8622385
2744730
4100486
6246887
7680463
15327570
6877654
8331710
8560963
5325207
6160793
1720778
950751
6607287
8655185
5104022
8450400
8008091
4882857
6717838
7647644
8130964
7729541
7639425
6844830
1421802
8950135
4280899
9446040
1810962
8557192
8798856
3228193
6095434
6705786
9425555
4371040
8245846
8966821
6627927
7909962
7852611
15303388
8749747
4596351
9118386
4579967
8831672
3256944
4309508
2687599
8380985
4895234
1356382
4354574
8717000
15217318
4256270
8897234
4530706
3019376
8163870
6865408
8942305
3076677
9290465
4543018
3301958
9519846
4952631
754294
6070818
9183758
7434997
8471047
4997830
7316195
7971574
15368825
6021836
5915331
7287500
9364011
8028892
1774256
15249989
2826885
2114192
672440
7533254
8336075
6812370
7566003
8024763
4874894
8938060
8774211
15319588
8692299
7885480
5948040
2523893
15352380
6853311
2216698
905964
2540231
15192580
3097288
1966836
3138244
6701709
2802373
4903611
9245308
4555440
5112504
5911201
4653755
9290352
5911204
7865209
9008010
598796
5108555
6165330
8352622
8369002
7426921
5202774
9307029
4543341
9175973
4117268
4268906
2810630
8340306
7881559
1864493
1905452
5907304
8229692
6087448
8438724
7476026
8704975
15250360
7283515
7975725
9352153
1803075
6951734
8971223
8451042
7402260
15352706
8192790
4469545
4436793
7865091
7885573
8025086
2745262
4277197
2642853
7230435
7951339
7685089
8651538
9544460
6820854
2556856
2794381
7525339
8610607
7197632
8954682
279473
2069418
6136801
8864570
15229738
6943661
3433458
8799048
15323942
8106921
1860552
7398312
8291232
9323345
8201116
1713144
8995693
984042
5370806
4277161
4592558
8848239
2470856
3269599
4158417
8700778
4195249
4637621
7635840
6153131
7414667
2073570
7222161
7631989
8918157
6648930
6005843
1700880
5952595
7697534
5985365
7652475
9020571
2204729
7885920
4420696
7926886
9065620
9376943
8385626
5903484
8422569
7378013
4424813
2102289
2978847
7722055
8885428
3130395
8463543
2237468
9274547
3523701
5088270
2847854
9266373
9254086
8229936
2937954
3130492
2425968
6865982
7349289
3273834
8336419
7623700
6845450
2602048
1315960
8242195
7885847
6919193
1758315
3531847
4867128
5022777
5407785
6865940
7664882
9159693
930953
7345399
9106445
15385697
15238266
8692754
9442310
6714623
15316084
8377570
8160482
8025306
9098280
8774694
7447766
6849728
7378138
6927556
2749592
8909877
6849744
8189125
2933904
8049850
2102499
7918780
4527241
689370
15197239
4359315
2917627
8774749
8078503
2233539
4228260
7681169
7349402
6976646
8123543
9434209
3073217
2860250
6223023
6755475
7591046
5113016
6055074
8230019
886031
6661493
668952
9229716
4617567
7742828
7890274
4179236
9008532
8910233
6018425
15242702
15377859
15390147
7664986
6907225
9168314
5080441
6735186
7415112
2647317
15283625
943439
8742340
4138364
4326662
9414090
4252937
4605196
3499385
8811979
206161
6726963
3110265
6128900
4416798
3450199
5911865
9180655
456034
9340394
4900140
3269977
3458396
6124852
7439640
5981495
7726361
5363004
8398320
6849818
2135379
7865612
15373727
4646207
15242603
7771634
4179381
4146612
9250049
7439868
15332733
2569648
7190010
2012551
4306394
6120898
4425184
927146
15316288
5424635
6059509
6075894
7407066
7828917
9278790
9213278
6813107
6645177
7288243
5182864
7628183
7779743
7210373
15283461
2770394
6624661
7767431
5031359
7673218
5445035
6047137
7718280
8140162
1922530
5416534
8136312
3008043
9377416
8677007
6006338
4605532
947730
2176574
4593241
853549
2770443
951848
8533675
4970081
8717999
636450
7218755
7698008
3139073
9352864
9463487
5084796
6784593
7919168
8713916
3573263
5330536
3470863
8939187
6116893
2217573
8877761
4232711
7206442
7431734
8812239
7013921
5125632
8443600
9447106
2938495
8250926
4216340
8881873
3532397
4417051
7955993
5121583
3094085
8197655
9053927
6051370
5969442
5088823
7693838
8168960
1959523
603766
3376716
7538419
2746026
5170893
7218923
2422435
2782893
8365816
8787478
2246320
8853011
15193726
15312501
4109986
5879492
15357514
7661266
9098796
9205290
5408506
2766465
8508973
8324812
2983577
6956764
1930922
4237047
7943886
8951344
8242887
1955494
8881722
5388012
2958994
7706292
2131693
9512543
15283750
5990024
8984145
6198916
7898786
2545405
3401455
8410718
898770
7894686
9373288
3450588
9299559
7431834
9090657
6067890
4462256
8177288
2598621
7931527
8816249
9172874
5089103
8042364
15239138
6686573
8750985
15374311
7591776
7931754
8365930
5371718
4396896
3557138
8238938
7550808
5011296
4925286
3176222
3188484
7669571
5367659
6031207
7972678
7698229
6121246
8955854
4155252
6022933
15202230
1951558
6178565
7006001
8456158
4966187
5891889
2778948
739192
8665079
7403269
2099031
5445418
2897747
4208579
9021187
9373444
8849163
2971581
3221411
4446161
6813685
4278226
7006194
8824605
8972052
8353762
7309259
4196328
9033505
4122517
2938754
8402735
1357734
6813653
15370073
8570673
4929521
5089271
8087489
2455448
9185074
8099780
4114429
9516884
6838178
5384093
15202103
6141839
3250148
8861522
4872092
6076293
7743380
1906677
8914784
7894931
8972154
9480034
2439126
8312715
9459557
9074557
6231973
1857505
7792523
9402511
2709551
3102761
2517039
8931461
8693911
9037980
15300863
8763538
6748285
6809723
2934833
8689818
1918978
7911527
4282464
2983950
4880495
8411302
4208744
1857590
6629448
7276608
5150843
7952460
4245625
8714425
8550588
9165000
2504803
6002717
5171204
4622349
8702159
9173191
505928
5392413
15284409
7878697
8812759
8833234
874581
9181397
3258475
6850611
8329251
7776297
4450339
9468147
2857036
6076468
6924292
7325696
7481346
4442162
15263899
4880447
5904431
8534264
7542792
518267
7772169
8022266
2422949
1857691
6154448
8141036
7768289
8771613
15214708
2549947
5200082
2607289
9226284
2054332
6961356
2754688
7833821
903357
6805714
1370284
9009201
8398905
15284265
6092954
9472087
7530680
3107044
4163826
4880516
7231648
7522467
3094779
7657645
7542952
3459304
2832585
8874091
2754756
6961306
1857775
6903965
8132744
4933822
973071
6805862
3295536
8071545
7879025
8653192
8046967
2758971
6846841
8509840
7588193
8460691
895257
203030
6986111
2541886
7584107
8378725
8477085
8702360
6129986
6621509
7465298
6629697
4893037
2185485
7874901
7764292
2246935
6805852
7833932
6142307
6146333
7985464
1771864
7924016
7883057
7850300
2201967
6953275
4114796
5015833
8214827
3283307
8173862
2648438
8038692
4417820
8960491
8251669
4909371
7383302
4901181
7969024
5880099
4610360
5187888
8939784
268672
15223149
3258809
4327882
8612110
1751444
15255929
7637477
8571162
8870173
6969841
4889046
8260064
15231300
8845611
8223180
8542523
7780813
9156919
8735035
858572
3242480
15378735
7875005
2017753
6900142
8575307
4311434
2914786
8554828
7502243
6838715
6162822
9009491
7199119
8378779
3480019
8325507
9382259
2140637
8378752
7797365
2124324
7215721
8305273
9157260
5392986
6773359
8182391
7326305
7862904
9001626
9460357
7940705
5007959
8559257
9472651
5937732
9517711
9374382
9444017
985636
7785048
9038502
7445057
8399538
8133199
4393590
7002716
7297620
8997557
4323845
2488930
580160
9001665
4917762
6941218
1780299
8833759
7862829
2026053
7780906
8747738
625259
4573731
15207055
8165908
6638092
7653917
8817391
3476036
5945899
6244903
7432714
7969286
6027995
8428033
3214002
9435660
3426995
1305240
7961327
2435773
2476732
9542154
2665100
15215183
6687438
1313446
8231625
4381431
5069557
6085351
7654089
4168446
2743023
6781601
9427527
1886925
5368448
2849529
7854755
9337434
8071854
387806
6007429
6146690
4254368
8301211
7891600
9251429
7641753
7985814
2796252
5368490
15223318
6916758
7789193
8833657
4524868
5335892
7650163
674563
5106500
5417817
1882895
2034444
8317802
8432532
2988858
4488028
9493387
994095
9292716
8121176
6151033
9296810
9251749
9309093
9145253
5880694
2706201
2726681
5376866
7572303
4324097
7502642
6683431
4569857
4938499
7699263
5962517
8805334
15264698
9497538
2653040
7383825
7514899
8264474
6638338
6888198
9239550
15272855
3480395
7302126
7850998
8489731
3492786
7924720
5917651
3300280
9333504
5868502
9382683
6921215
8891162
203677
4131743
4885483
4221931
8674089
5934068
4172685
6638550
7932879
9493290
5405673
740299
6646693
8739652
6232986
7289766
4217740
6998951
5417856
5454721
8211368
8321956
5458831
4574117
7035786
3283920
15371022
7805843
662508
1788924
8870772
5352357
5962670
7850883
8100750
7973774
4451257
3566541
9084040
2735149
7851123
8633483
9002113
8895630
5143647
7572581
8600724
2190336
8133726
3439632
6810691
6962243
8113239
8805557
2657298
15322325
5155952
4238342
2808930
6020115
7883826
15346852
3013731
3128417
4574218
6945849
7199796
4377625
8100901
4099169
1924221
5016621
7961627
5893183
15309966
4619306
7810074
4197427
5049400
5131318
2849877
6790168
6933738
9128974
6876399
2759840
7560441
7851261
7691518
7396578
4644050
9104414
4144296
7040242
5881029
9333776
6622407
4480224
8146136
6126840
2591872
6610115
7322821
5098722
15219800
4115599
6061288
7953600
2616474
8440893
3550454
9137227
3378421
9530456
3247355
8752207
15359009
7859388
2534632
15215672
4107498
6646961
9260121
8711251
8830033
9256017
6126723
8662113
6048946
7281793
8752235
8969318
9432160
6659216
2538718
2751697
3230921
462077
8027265
8461438
4353350
7585144
2579767
7191926
8654234
8408484
5967228
3448093
7368025
7679326
9289148
7273816
6962525
9137610
2075996
15252896
9547224
8904139
4566282
7695652
9121241
5119258
3255652
8158505
8195371
8527316
2694517
7912740
6933814
732522
8318235
8244507
9100780
7626015
9117159
3239262
7761159
8154377
1363310
7716111
1768801
8346881
8207868
9313551
9547024
1854870
6622710
9075993
9276697
4521436
6884852
8113626
9289006
7978461
8506660
1387954
3534226
5430778
2715013
15224152
6188526
2440596
8981823
2203030
7011805
4947339
5950874
7568819
8969547
3010024
7572917
7949736
4324754
6979006
4386199
8027565
6245767
626131
4881813
6880695
1953273
2940354
8215951
9121151
9153916
4349369
6864278
7810441
4181566
7257708
9428617
15351520
15232743
1814036
8265329
6614647
8134251
7401071
2555395
8203864
3071497
8408745
712231
2092594
3403293
3112448
2592277
3141149
8773311
6127132
8171070
9125582
8466118
8933071
8392392
8646347
933447
6843940
2805373
523871
1990215
4509215
6946358
8433375
6815237
2936392
4353572
7536154
4124242
4963877
2420311
4410928
6991390
8531701
4255291
6852117
6147618
3403442
9453074
9362952
9473562
7753443
6987506
6799101
3268241
2203264
2195074
5054180
9375270
4218602
6651592
8330962
4316911
6139630
4443892
7331541
925363
8105670
8654394
8945224
7192234
8638031
1908429
3133182
8891984
8093344
3448533
4349606
8072863
2625229
7384730
6233772
7032478
5103291
4419252
8683128
8892027
8011642
15273962
15290360
835359
15314933
3252015
15192007
7982937
2531072
4910946
9408419
5091168
7413599
7626587
1773352
2133782
6741841
790321
4972406
2936685
9043912
1855317
7577406
8892360
9543628
1945471
5361463
5160741
7446301
8195858
765821
3440456
6246176
4501444
8265718
9305860
8744714
6647793
2043783
7765999
4493279
2699148
4255721
2609036
7860188
8711983
15208283
2994078
4128646
6242276
8789827
9154382
7282599
9404231
8830796
8241074
8339376
6029194
9342813
737244
7585707
7884706
8896349
2195455
1998785
626671
9056108
1740797
6062011
8073104
15245061
15281927
15277848
9244542
8433535
