8380542
7764084
4385861
8268921
9354375
7483512
8208503
8333427
8586384
5878861
7361636
6847615
6760575
7782511
8258658
2430008
5991494
8042599
9545870
8972459
9353389
8460455
7040067
15337669
6929497
15362267
8687798
8794293
4888702
5880941
4909181
8376392
15306963
2746386
2684948
4294783
3425396
6051869
9449681
498756
2840680
9517269
7484471
8426693
8204341
8499401
8032307
860231
1921104
4424716
4448268
15275195
3223651
7928875
8833234
3402854
6757426
15218879
8294438
6688826
2024515
3431529
4424732
4500507
6101052
8199196
7579664
8112158
8232980
7748637
8172567
5962806
8216592
8220685
15373470
8198149
7335958
6746140
7418891
4125762
6244387
7369742
15324310
9226483
3015854
1391764
3523766
4533446
8630279
7493882
1782933
5944533
4652245
7311606
7783663
995477
8238305
9371667
5040337
2665655
2584710
7213263
7312590
9064491
6617286
6241532
15192131
2708621
4292836
7319754
8472614
4543725
7343320
8406057
2754688
7378138
8095953
8495149
7622874
15364187
8615991
7734465
8842300
3483784
4448508
8406079
4264067
8755271
6708389
2162917
6221974
15376422
4917383
7763131
2623718
3215615
5428381
8166579
8995933
7705773
4635803
6199424
1812730
4132059
6077624
15233037
7000207
2451650
8607844
1918196
8169622
7565469
1794281
2203861
9460836
2885846
5126325
8219776
4531387
5121201
6853783
8216706
4872520
6991208
7852404
6748526
8114547
6211927
6609261
7470456
1768720
15338983
2250031
5148995
15273447
2872635
6195533
5048664
15191549
8183143
15307252
9399696
5201262
8638882
9347503
184609
2805006
6166906
9163182
7974238
8738210
8554920
1908019
6710601
8991142
8279372
5334370
7596352
7951690
8695223
2731295
8190282
8890800
5405034
7033170
5396840
6160738
913712
15325652
4247933
4580728
7720264
609609
7546163
720200
8979914
9164232
8261946
9103810
8704461
2152810
8123696
266570
5131521
6903097
7745831
6628663
6100238
8888786
15214002
4139365
8309028
2813297
3264877
5882119
7512365
656747
7270669
7734544
7971103
8082711
2901313
2839899
8750580
8279309
8470004
580991
9356790
4143427
8025599
8019452
1815955
6077909
7768572
2567594
9129242
6134223
8425747
5446087
6664691
8631572
3562924
8101345
3430824
2505094
5062126
4969966
9251112
8711468
2649473
7605725
15214915
8236496
8845611
15241560
8393009
4113805
6832604
7243221
7543244
2167268
6942126
4311434
5873042
5869973
7370174
6784424
8876360
5128606
8469844
2585073
9139548
6245767
9074000
9530699
5882242
5058961
8803674
7812520
7415187
7962010
6958478
4947372
8853871
4239785
15262979
4454831
7641498
2637272
8215951
9241976
3572160
4308406
7673218
3561935
15276306
6194594
5141070
7017067
3429941
7770740
3257909
2888233
5419607
3157558
15336173
8249973
15328994
15363809
8985221
9255552
6071890
8277617
8639122
8817300
1733129
4576848
8632980
2525758
975383
6006338
8363622
8327781
9479819
15384310
8504995
3469847
2556419
4610659
8401573
15212239
5046887
5159524
7728734
6168179
6792777
5006972
5163645
8375882
575038
7014995
8376903
8334911
9198280
5063179
8397510
9134797
9354952
7015994
2686588
8792786
8107555
1698368
7462443
2756170
7363090
9324268
8155672
2422337
5095979
8691436
8487659
2986561
4963877
8401647
589433
8670966
6672918
5996076
7939598
448122
3268174
6106658
7703050
7847432
8670971
3079855
5064393
7271147
8962573
1705618
7898865
8409609
4094644
6165202
3187390
3489467
6837990
7837433
7341823
8903190
9272860
8853011
8194792
8303339
8652306
6115013
9034257
15345270
8609310
5175022
8423969
2534020
4120220
8034014
7909087
7896784
6816451
9525821
223918
2702980
9305632
15229511
1376934
2966169
7251675
6967005
5986018
6648543
5183220
8129223
6745818
6093537
7798472
1835683
15264296
15345194
6162078
9392719
15237675
7275179
15221293
8823361
3070693
8295090
15319588
1762004
15356473
7891627
8333991
2505471
9065043
5161620
8421979
8466010
4290204
8655451
2113216
8790630
8110746
15192581
2663115
6971023
1829629
5870271
2501327
7499417
3511003
4395696
7611015
7707270
15264284
4438710
7789185
9058941
15239697
7926401
6964880
8776319
8403581
5097138
8923767
2989868
4574020
4875080
5199693
7263084
7802741
9222030
5122884
2899745
7937908
9336704
3214115
9291678
7999340
5131097
7024496
2148156
6242115
7628648
8413084
6098755
6612806
7586640
6886221
9312170
8994732
7545689
6623054
8409003
6024055
2550536
15353797
15349723
4641655
5184381
5353319
6993750
7305042
5395308
3444491
2542436
15355817
2861933
2121575
2432866
7962430
8757197
9154497
9286599
15214499
5447448
9243590
2587498
7378750
9384897
2470762
7019300
9337818
8744914
256859
7559979
6679359
7799597
7863085
6181637
6136576
2510713
5902085
3542871
3105613
15253388
9323496
8278806
4485933
6232885
4404008
4134739
3566424
4566827
6241073
15355802
5890856
7897868
6122280
3433282
7252761
7265049
6185767
6610719
8869882
8145918
8713990
2702253
6073304
8440582
7237609
4181941
8100849
2813857
4131762
7817210
8987396
15210342
8931079
6766577
4629464
5131216
6053885
15266634
4392929
15232843
3571605
7877596
2639758
7642066
5099498
5400565
8455974
9053987
7277507
9435939
8232912
786341
9026361
7252956
4451312
8639280
5173240
8295366
3082134
6044640
7897028
1738663
8552255
3535754
4280192
7910333
4142071
4526989
6065045
7193510
8246193
8164273
9523036
5369730
7004089
3399655
2506750
8511321
2004932
5115794
7656340
7363473
9169775
7756691
9388906
9335654
8768364
2689987
7450525
6625160
4120528
4158417
5020579
8101771
9440097
5111743
4637621
6099886
7554951
4470705
7692160
15231760
15331089
4451259
7831435
4327356
