7946354
9019522
9183360
7209056
7520359
7307385
9191578
5193815
15368435
5890115
7225461
6242369
909357
6037625
15311055
7659615
9068711
909347
7512157
9167033
15360208
2752529
8929461
15360170
8585411
737358
7520313
8175671
5373982
8880328
15327417
2900094
8446163
2998392
1409091
2670719
6209542
6815793
5046289
6938677
4161634
9126122
8610035
2834522
5046335
9421051
15343773
925815
9036016
934002
2105436
4997170
7258128
3072173
4923587
2228392
7594233
9519105
1712271
2236599
9355284
3293353
6652153
2580665
8658981
3555472
15327299
8503338
4309229
9052197
2908307
8405060
8806472
9470046
6209679
4595858
4972691
8061089
9125995
8143005
8806497
6824067
4300975
450807
6946971
942326
2801878
9224304
8446077
4579515
7569548
8266110
5964122
7594354
5120329
15327713
7717244
5144896
6873446
9126276
2154802
6840698
7471457
7790947
9183643
8167776
15286774
2834700
7332163
4530539
9421247
1835310
8577463
786740
7422281
8667580
409919
15385043
6635866
4555009
7799091
2531680
2482540
4284685
9118151
7864629
6914365
9036241
7225651
4210974
4964628
8577506
8700391
8012062
7676176
8618469
1769842
6668552
9323006
3277124
9167357
8298753
7406071
5022149
4350413
15376762
8880404
6128065
9486605
7324110
3219859
2834824
7332300
8069599
7225797
7496158
2040242
9019705
7487937
4530672
9077055
7758283
4596103
7258538
2646510
15196448
4612492
7782818
1917384
5464456
2204157
5988743
6930828
6029755
7299463
6668680
7635353
7692673
4456881
6832530
590327
5906853
3498549
1802782
8168052
9446040
5169728
6685303
7545442
6169162
7488102
6832767
590352
8381018
2941450
3072519
15229637
9372351
2163218
8938172
2531866
6881837
9110222
991814
5874195
590405
2925153
7668262
8200746
7578155
2105979
7324211
3564139
8618717
4440604
8200735
9528052
7995933
8299029
9290492
6775313
836212
7021074
4194878
1811103
9257481
15319648
3007139
5415618
2958012
7553760
426655
7504617
8381153
8372957
8348380
8692263
8700461
7717594
8315597
1704623
4408059
7398088
6021858
1860262
7553737
7324372
9077303
1409706
5964443
15319597
6218394
7422645
7979709
7807665
2818796
4121334
9454171
3089151
7766692
574171
2712316
8176297
8176288
6013574
8266401
410343
7619223
9110125
6210231
3416798
2491085
5005986
4252335
6103724
8782450
2163414
2794195
7914113
2695893
15270889
9274253
8266623
5350228
4596544
6161240
2827052
2917156
4113204
9102214
4571976
15328249
1835788
8258411
8299368
3113782
500508
8012644
6136701
6611780
6898505
7586640
6832972
7545689
7258949
8864683
15360965
9192380
5038969
5874543
6226792
8160060
5030671
910155
5972764
8963012
9298880
9413599
4514583
8618965
7439120
9118698
8307480
2040693
3203930
6021937
8364821
9454586
8463338
9446396
4924198
8946661
6669077
5931816
2548560
4391732
205689
9331698
3441483
7807991
8225790
8209399
8504074
557956
5047232
5120961
9036550
3449765
8070121
9257755
1950596
9085738
9372456
8258518
6931397
6915012
271274
5374972
7545820
8487726
7873480
2827166
6816725
8864570
7570381
9290573
9020232
6103953
7349180
5014401
7398335
6939577
8233900
3089405
1950661
4146151
4162531
4367260
15336206
6947726
7758736
7390084
8373131
8962941
2597841
6931347
7717769
7996538
7038063
8258682
6071385
7685235
7726195
6628450
7578744
2892833
6833253
7668839
9118877
8258665
5203024
2442244
6702151
1778744
7619671
15238349
5178469
7455834
7529561
6865991
1958954
8012877
8406203
8963252
394299
5407762
8766662
9077966
9528536
1385561
9299136
2778213
8324141
8709334
2917496
2016324
5964806
5424176
6816781
4252715
8471789
8037399
8873194
15197321
7275520
2876507
6153256
6054954
7037970
9372916
15230101
2802775
7218192
8463615
8553475
6014163
7701756
8258805
4383951
6243536
7955688
8676375
566418
1885313
1696953
7996632
6907082
4900077
6128890
2532494
2745479
7537885
2229389
7693508
8389684
5129462
9536555
1787045
8406079
6169750
8545352
5981335
8111286
8741960
4170993
8619091
9438275
6210696
7759008
8152235
4424858
9069652
1836227
8316059
15385602
1393919
2483412
7857282
9020543
4973746
8643705
3531976
5915992
8971659
8078719
2442531
4932940
2983203
7284093
7513447
7644514
7538020
8422807
15328752
9495945
4179236
6612351
5375311
6636920
4515162
8365400
2245898
2958598
15246788
8537518
2458901
2958621
15254993
9192885
6849875
7824714
2540903
6767910
2778476
2237803
6735151
5203205
7415099
5973264
7415103
8635861
6038790
8324388
1361224
6055229
5137706
5383477
6137140
8570351
7783686
7709956
15320474
3417408
9438693
6718737
6194470
6841622
8996105
5457366
15312238
2893221
5932496
3384766
8643854
3573177
517527
7693799
8430867
15197554
5031387
7874031
2532798
5129685
9233687
7226830
2024893
1770942
1992123
6776269
1779120
7914966
6759880
9487657
4392446
7513549
8414528
6636962
2778592
2958817
9487709
5997953
6645177
7013813
6129026
15320321
2557391
1893878
3139013
4933024
8766826
4228533
9315707
7357831
6874512
8947058
8095104
15279381
9250160
5981605
9250446
837128
2885160
5056073
5416534
7325289
9242245
2876962
6653548
4310605
6973028
9414297
7636579
8210026
7603820
8693407
4138527
4949615
2663941
7276096
4630135
7849539
2491935
3573263
2221594
4417035
7013921
8734411
8275499
6735421
8005157
8021529
6202939
1869434
9094892
3229276
9430781
6743570
2000489
4548153
15222376
9528849
7972603
15287928
7440099
15386237
9143825
6735610
2565817
4998894
9102888
5113578
8611367
6080250
6072052
2877061
1918632
4884221
4916978
7898818
8185543
6162078
8119995
7939768
9340493
7841470
6080146
9512543
8332974
7898796
8406612
8472148
9438789
5007002
2041542
2475768
7521965
8529501
15304203
15312399
2442947
5375668
6776448
7243401
3409605
4187854
15345177
15353375
3163845
6194856
7300761
6104746
8463992
9365111
8521337
2467544
7563122
1713950
15345647
9340809
15345634
15239138
4335432
15321080
8365930
5203799
9045906
7735151
2156347
6088514
8431520
9045928
9054115
5343100
4163343
411447
5089150
3163908
919355
4261748
7022428
706354
6211428
1902368
6965035
7571250
4286215
698176
7604030
4409100
2803579
4917017
9496516
9316308
3000177
8546275
15271818
2434880
6989581
9258981
4171605
3458911
9045990
7292701
4196149
7218971
8349449
6694886
8783619
4548546
3467194
3221411
15288191
9529094
5449673
9488139
5965767
6686713
7948249
8038366
9275179
6137850
8087516
7448539
853926
6637518
15255367
2484119
3254146
15206236
9373496
4474876
5425130
6883282
4212608
174024
5433240
5146497
7784358
1394628
8021928
8734550
2541554
7514022
3434466
4491166
7628718
15230771
788433
7890853
8218531
8824664
8570717
9381712
8144796
15337228
15238927
7776153
6760342
8021900
3434440
9021302
7940219
3180599
4188215
5998673
6105170
1312772
5359683
8734865
6015054
15345916
935958
6760575
8710300
1943556
452635
239645
2861109
5056595
5163088
2050048
7989350
8235101
6662214
15214799
2041911
5335161
5982327
714791
2680837
5892200
8743092
8136782
15313114
8169542
7325779
15206570
7325740
7776306
15296684
8202293
4925441
8431819
8964291
15231160
2787450
4114543
7964715
6875196
8833234
7530535
2918522
780373
5335090
706670
3287126
6907908
7776283
3475546
8489200
4139082
15190170
7792885
5900498
1353887
4491486
3164331
9447435
9381906
2001086
5392625
7825631
3229848
7833821
2910336
7858393
7571654
5204217
9300026
2197656
4212987
5007602
7202988
2230503
8210616
2476265
6252691
3459321
4180209
2885885
9111642
6867131
7334074
15214655
9234519
5359757
7678121
6121659
9382015
6146222
8661111
8317064
7776398
6801763
4098360
6891887
8489351
9382279
7006587
2050317
8194408
3262759
7580004
8423832
4401496
15346165
4483419
7858536
15206857
2599172
8587680
6629697
7866716
9488820
3221780
6859085
6703424
3180825
8563119
2992413
3139870
2427159
4385136
9529764
15354282
6187294
8964554
2812270
9079247
2132334
4892944
6080768
7334192
6981903
15255939
2132299
1886577
6965509
9546208
8792565
15215005
9185781
6949136
8096001
9005555
3254602
2845098
5876189
7227882
2460067
7268840
8169960
7244283
9120030
2902458
6924799
223640
248222
526743
9406736
7416276
15231296
8227285
9087266
4631023
8071634
15206722
15386950
6687179
8980794
4205044
2247063
936377
1984937
8325576
7547339
8964401
8980787
6244832
8178108
2984430
8227258
6171031
8317364
15223097
15198520
2615749
9529715
6007231
6949262
5114279
4254122
15280388
6236589
8128911
7326105
8636788
9349497
5007796
2533848
8849785
9103732
2943443
2550310
6990441
5442134
6154837
8088179
4442702
9153158
6761065
7318143
8858260
6965884
4500059
2730507
8456870
7817822
2591245
985636
5065314
6761043
7514698
8547002
4541054
6064743
2165345
2583142
15313579
2796137
8743617
4909580
2157159
4639233
2140782
559704
182872
9153259
8489696
8399594
3525214
8956643
9358050
6031922
2427476
2861657
2230871
6793756
7334416
4909774
526991
2607786
5917396
756379
8383212
2960057
7924461
5925580
8768028
2009732
6695674
9521677
4147874
5450445
6105794
9382446
15223372
9456181
7809759
6982362
15215199
8358600
4205308
8620606
2788075
240320
8981066
928453
8669775
920287
1813193
7318203
4303514
8571484
7735958
936684
8456803
6818443
7916191
3386074
6023857
7621279
1354488
5089953
8817266
5909164
7948943
7694989
9505387
6613656
4270780
5409453
7670645
4254533
7900030
2042647
8948614
1886995
8768405
4254550
207636
928531
2902833
15215560
2747146
8244057
4238187
8309589
1903408
7703386
2493206
8285007
6220651
7957313
8268615
9448364
9489326
9472943
4344579
7564088
7703355
6007572
2747259
7383825
7867152
2779974
5204768
15346587
5180222
7621376
8465401
8317703
15354768
9218831
4238283
6638569
9440031
5401537
3509163
1887166
6663111
3410841
2788250
5131257
4418553
8850236
1928157
4475780
8252349
9251657
9415498
4869004
9341769
6761390
8842060
986051
175055
15330086
15338277
8907604
5139354
4467601
9456454
3566574
617429
9063274
9505649
1788924
7343000
2255817
5016482
3255232
3132381
5933998
7285657
3533772
732151
5065651
510976
1920020
8637581
7580771
7744622
2640946
7425131
7588968
9440438
2952202
4639853
5033063
7629919
6229107
7916628
8522925
4115471
7990344
8047689
625726
3288072
4623484
8465595
7908419
7892037
8563905
2731119
7466039
4172917
9546973
4459529
7433279
7523389
8801495
3222627
3140731
6704190
6925362
601172
8309795
6073347
9047275
2575429
5033001
6769666
15355021
5368892
9293053
8916221
7482373
8555771
8449274
7416846
8391682
8285432
2673839
3198135
2903204
8956929
7851261
7195872
3542180
6966521
8547349
3255464
7449834
2165950
8809510
5377265
8023262
8408102
8858656
1805483
3206273
6958297
2804894
3419266
6638803
8506425
3189898
7818441
7228590
2116833
2493671
6114460
7883961
8178875
9169984
8490067
9489474
5065886
3476704
4279446
15322160
6081670
8350880
4312224
5868730
8162456
7408788
1363186
9399400
2133192
9104480
6163634
7253122
5057696
9145464
9251961
9505892
1354979
6966419
8260740
1920284
9211268
3509566
2952480
3386662
9399705
6147397
9285012
3140877
8088921
855332
2764035
7679326
2559255
4238717
1363242
2428186
9063884
2452847
4107631
7990568
8605137
15257020
3493217
7671073
1912139
1838404
8826329
7990553
5328180
6081851
4132176
8981990
2133329
4500790
15281566
2936155
666995
9096451
5033414
9522459
5172673
9325852
2944433
7024117
9186604
1822136
8621344
15224129
8416557
6909401
7876043
9547049
3386762
2526621
2829807
1986009
6065556
3075553
6122895
855518
2043339
7417254
4205980
15379723
8080799
6745472
642532
8359313
5025212
8719735
7761282
7966093
8465782
2715177
7892601
8990350
6803053
3092004
2223663
8375916
2682429
15281904
5090902
7884391
2665993
6958656
7007809
413226
5131875
7302744
8588984
1838625
7196242
7704112
8441544
7654975
519752
7851558
9547459
4386325
7441961
7966241
6032901
6098436
4337187
5877309
2895434
8752866
1896052
8810223
9309927
3100228
15314565
6835734
8376063
7818998
8482310
4247240
7810810
8081140
3174050
8531473
5172948
7868135
8719909
8187613
8818215
8023767
8212178
8064714
3182212
9498148
4943612
7589576
4394750
6762148
9514581
8253109
4583049
8375986
2658022
9064004
9121349
4624021
6794931
6860476
7646880
7016112
15191611
6016647
1855170
6041218
5901957
7458450
1806078
8375960
5115554
8932964
4239022
9178748
6688407
6155950
4542129
4206261
8654450
4968115
8605568
6025055
8236923
4501324
5869399
8818582
3133244
9416603
6868861
15257599
4214615
15265779
2584377
15208393
5984121
7933779
9187233
5107581
2772763
6033252
8392637
6721318
4534017
6205210
8245044
9285572
5992209
5066502
15200178
7679791
405336
2789193
733037
7573269
5189415
9088995
6778637
8638440
15339399
8548333
15273881
7311132
15224734
8695795
8089346
7753485
3084115
6606617
6721307
1789797
241539
3272624
8728326
6909920
9441051
5140416
8089589
7655396
7688167
2674621
5918671
4345813
7827439
6221765
8245216
659349
1839038
4394976
9375532
8531749
5197798
5197794
8261582
9293631
7778249
8785732
2224101
2617313
4353929
7008166
8015797
9260891
15290161
4206489
8433503
2879435
7909276
8843104
7352192
9097081
9424754
9547631
5877670
8974475
6680674
6828154
610333
15233276
2699327
7729260
9367700
9138327
2936844
8671397
8335451
9433257
7606366
7794781
7270466
6090865
6762570
8343634
2887682
4395117
8351825
15266008
438327
7729216
3125270
6909995
7614518
7295016
7671868
9105603
1724502
2895971
7475235
6697010
4640787
8343593
6172681
4255768
15274165
8015910
9015509
2461819
4362268
8425695
6123580
6082622
8056856
2609227
4288559
5984296
5951535
9277684
4509758
5034039
7868419
5443629
3248304
9342989
7254251
2429101
2936996
6140113
6877412
15200362
2125999
610458
5329090
7270653
7983343
4460766
2420927
6754554
7483628
2986162
8974377
9089065
2240646
8941601
4935911
6959301
6861016
8409138
9416764
6680787
7811265
2117783
7557316
6656222
8392771
8507460
9097292
7909553
7303330
7368893
2904290
8523856
4591765
9482307
5427335
8450133
8556628
8400985
8106144
6811782
8482915
3223767
8491116
9121893
4133072
8343695
6738069
7778434
3412161
9343096
512254
9064563
9138289
7524721
7442804
4141369
4116788
2945315
7696738
4215128
4297049
1839365
250137
2691383
15233527
8794533
8327514
8466852
5116264
5869937
6164853
6156658
8040779
7557447
9236921
4305275
4608376
5157233
8425923
15356333
5959965
5443867
6959394
9081283
2732387
8335666
8581586
7336254
5173532
5198105
2560368
8614365
6697220
8810977
6705423
8442347
8261902
9261565
9146873
9318909
7352580
864632
2543955
6770961
5419307
7991552
504189
5910820
2945453
1724830
8253943
692615
2568625
7516650
6902260
8974632
1855928
7901661
5059051
8581416
7025093
8319438
4207092
6762975
266693
9015624
2781672
2888174
9113929
7401912
3142114
3174880
3404258
4960666
7393700
1872322
9056596
9089364
3404268
4559270
2896322
8720747
7221663
5460395
9277813
8982898
8384899
8262267
4600398
504332
4338254
7443069
9548417
4338261
5370438
8426139
619031
15315702
3396140
2486789
8417957
7221833
9188007
7590495
2773511
9130660
4960891
266806
7852611
4412020
4526706
8843953
5411434
6042212
6181479
2724371
3404301
643659
9122510
8721101
7320127
7647780
6238734
15250103
6697479
4387361
7434773
15315585
5042726
5354042
8401644
2216527
6181420
3412551
8049166
15200914
3527235
15323797
2192032
2814635
5919448
15282794
8278773
2667172
4502229
6877947
3289767
9409050
4346580
5378757
4969171
7361260
15381111
8229600
9204241
4903660
774828
4428521
3019394
6730443
7819975
8180430
9204287
2642589
2953880
9310776
2945684
3519116
9531944
5386991
2503321
922314
4199044
8401476
4231820
7385789
4641416
8802888
8753749
8385198
8213167
6812349
8483419
8639068
2511559
3175122
8581733
3429087
5132960
7967383
6066860
5386915
8974969
5067455
6197929
9441896
8688254
9310834
5419695
7910021
8761979
8131203
8278911
8795009
2462508
4961095
6165330
2077457
8065909
7230326
9286548
2691894
4969326
7664478
8164176
3257116
4592498
7516998
8229705
1405731
676663
8016699
4641540
7852853
15315885
8360763
3281780
7697213
8631243
15299491
6796075
9114564
7525154
6230794
6976306
2470783
1782598
8909797
9024491
7885599
4444970
512877
9122785
8033041
7238429
8803314
8926207
4903728
8057607
6886166
2618272
1782674
8893198
2044820
4477899
7713786
2913215
6640630
6771700
7910382
5059543
8000486
9351955
2593720
5329870
2724745
8835875
6960070
7959496
2872222
4379639
6198251
8844083
5182456
6960081
5059569
6845399
1946589
3249137
4117500
6730660
9401163
9491284
4215685
6042522
7394233
2692066
15332134
8737620
4223890
6771635
4330389
5419914
3118067
5182355
7631787
9114474
7205769
4182999
6190005
1750007
9212771
15250201
4920255
2479058
2995157
7984003
8409979
8868732
439302
4543559
4289616
3126330
709650
6640765
6837362
4306013
15267017
3118093
4904041
8877220
8172635
8860847
6837316
8410288
15234265
8885428
5108857
8336456
7730254
775240
7451707
6935588
7607353
414801
5936141
3200105
8967382
7803944
8082458
2438221
2954309
2831426
8836335
8778990
6853638
7894025
3224647
9303285
8123394
4936752
6632679
7697649
2479276
7550201
8344820
8754190
2208943
15299686
6681834
9401373
9458691
2659517
8140010
9442310
3249318
1954951
3200174
2708621
4543725
4134037
4142226
9090084
6878426
7361734
8967230
5190904
8131780
7312598
5092599
6624473
6198499
7189712
6640858
2979055
1946841
2946279
5436574
8393804
5330049
8369326
9450567
1930432
4510874
7689386
7910553
8631403
2258124
8795253
7623810
4650161
4920508
6010018
5059766
1389800
5977252
9500051
6853999
8066428
15209957
9024903
2585907
5354821
15357439
2938170
1905925
9229716
7820654
2995511
2864438
3200301
4887892
2045244
8770978
6690120
922942
4568437
5961067
8197455
2479379
2544925
6108518
15291861
9139638
2659690
8476104
8312111
3093881
7574827
8484317
15193530
9016788
15259016
2520384
7468310
8426988
1299837
15291804
6862110
562559
8230150
6190368
5387728
7730679
9024770
2069902
7738850
8606997
2037127
2225593
15316339
2020739
9254163
619945
7009740
8058322
9164064
415158
15283544
9483554
7640513
8181184
3429769
6075804
9319758
5977497
9540953
7943600
7968179
1709516
5109146
3380719
2487800
8091045
6772152
9450864
7878045
8312212
8443246
8377744
6919577
8189325
4445617
3495366
9123197
9303412
751105
9311877
8181362
15316710
7550562
5109343
2782780
4593232
7485029
8672925
7263861
7501422
8181344
15333108
6665798
7911004
2553347
8459944
15300295
8730283
8853168
7919168
7558732
1816155
8992456
7640626
1799772
4593165
726599
4331023
5346847
185937
8558294
9295574
4126307
8189473
8705774
7796231
6985244
1365612
4576828
8607481
2717356
5969630
734861
6166233
15267429
9475613
4150961
2725542
4093611
8058605
3258024
5125845
5912257
8836635
6043390
6231803
6813376
8754729
6158064
4437741
7370433
9262655
677561
2520722
9254456
5428968
2889361
6690523
5142257
4101885
4494988
8279734
7796415
4454025
5985942
5183129
6919859
8017568
5011095
4568740
8885860
9164398
7870110
3012294
3282653
5428897
9459299
7714432
2193112
2987732
5904032
6248101
7337621
833264
874227
2684630
15308310
448258
7862130
5887827
15194092
7935858
9262976
15202292
9074602
2930446
8861605
5953406
9476021
3430162
8189782
6682452
7640901
3004184
7853889
9074621
2873107
9541545
4413310
8337215
8615875
9017288
15194021
7788348
3487614
15210404
9000923
9516994
2701182
8665043
7583531
5920570
9009129
4937513
8722407
5887802
8886243
5166891
3274585
784226
15300483
9254880
15202185
4282159
9492449
6887194
2226005
2938708
5126094
6985706
6010842
9172746
1972120
9508630
9205510
8902409
7796729
8632086
5380041
6223870
2856835
15292226
7927755
9140031
6010862
8959806
3397513
9500459
1734565
6772647
8951619
7772068
227287
9033566
3569647
6641596
8795997
6977462
15193856
7911327
2742210
7927699
7026564
3119070
6092705
3414069
6133852
8910982
5462096
7542903
8247419
8353910
9255047
6887526
9459842
5380169
6781049
9328785
9058475
6649927
7354460
2766855
2799643
5986410
8017988
9304260
8116277
1947730
15308986
6772788
9402587
1873995
9017553
8534235
890966
9107671
15358132
243811
2168904
9361639
2938945
8042506
1857646
6772756
8042509
8935664
7010323
4134980
4544574
8755449
3479733
2955436
8517636
9082892
6191315
15308902
8648716
8108266
7641312
784542
8689694
15267955
6715642
4962539
8558626
7198927
227500
8615987
9041977
4266227
4274419
7223512
5380325
4954359
7329966
6035609
6092954
7428278
8501318
8222900
7690425
4462742
8190127
3078394
15325247
9418836
4405407
2218177
7641236
8042648
1849599
8140959
7223435
2455747
5167270
1775858
7829659
15259677
9328763
8697971
4446395
5077175
8001664
9320846
7600497
2988334
7764351
7018848
9058716
2701630
8051040
4266335
7412049
8829346
15235535
6707535
6076791
9419171
3176705
2726170
15350239
7592260
8739250
8124739
8518073
9271735
6142307
7477553
7665970
15317415
6953275
7231807
15317434
7887149
8116526
899414
7616791
3144010
252267
4159823
7379206
1972579
4528443
5937444
8698112
6765024
8493324
842114
5462493
9312513
8640785
5102037
6232519
8092128
8485151
6674886
5151205
3545497
7510467
2095530
4192644
8165822
7412155
9058624
3103203
9058629
8591703
2898422
244191
588267
6150583
9288033
7911829
6715784
6166951
15292691
5454249
6920594
8083840
7534991
7322001
7690869
6912619
7715441
3258935
7305829
2611754
2947640
5134938
6838908
8977052
4307549
8387170
2472506
7617131
3144207
5872251
9534130
8714913
15383244
5020260
6781515
2832901
7936589
8206921
8460981
8796863
5200499
727627
7256620
9001665
1768020
5421570
8886994
15276735
8510166
7428648
8837855
3504751
9288406
4381212
7772713
7952922
7649820
8813294
8534763
15317636
7707162
6863384
3504711
8641270
9059059
7420428
5880537
8665604
9361935
7346931
268929
7322346
15358562
8772105
8919557
8550930
9476613
15194751
7518958
8542755
6052606
9075246
7650002
2177685
4455159
6871774
9378358
9501228
4405891
6961834
9386570
8370873
8682061
4553353
6961848
9452107
1809093
9304659
7600812
5970619
9149035
3259099
7010951
1759989
8116875
7289500
2169556
5331620
4405940
6068907
9222773
7395978
8673913
9288591
7658353
4422469
3169082
1375002
6667115
6896504
6740851
8928145
1809159
588566
1784635
4119327
8993707
6110075
8666018
7551828
2652932
7560029
15293405
2611986
8838067
7854913
5200760
6781776
8928191
9436088
4348793
9034676
15350741
8854470
6683431
8903621
9018317
785228
7863088
6920993
6118160
3439482
4217614
7723835
5970699
2653040
3406696
1407817
2636660
8502236
8157986
9223122
8223522
7846679
7576338
2906958
6028089
9042922
9452534
4627233
4373288
4922145
9444349
9083876
2227025
7338782
8715255
15268767
228218
1743715
8707069
7412491
7543560
7592718
5864231
8264702
2169760
8469248
7478256
15317869
4324296
8960769
8870666
195468
8199155
9214722
4430806
15309683
7412715
7289844
203677
8281057
4422631
6061049
5897215
8305625
6183926
4905952
7936979
6929349
8190926
5405673
7379915
9042740
4946933
5036941
8862531
2874350
3013608
7945151
4283270
7601076
2259947
5340060
9485120
7216058
8477525
15342396
2522109
8592221
4266912
1948670
2440143
5372859
654308
6888327
8674160
15244061
8551287
8788862
8125318
6118492
9452693
9354376
9477272
9297053
7847012
6814835
7994479
9501830
1809420
8756377
3505194
5061714
5078112
6683722
8322129
2792472
9436349
9108671
6175848
4562045
7421005
7461940
9403593
425039
891969
8404172
8453324
4914201
8797397
9419993
8256549
9362642
8100901
3423316
3005513
7748637
9043170
3169372
6151218
3202120
8117251
2653268
7937029
2497627
2849877
6118434
1924253
3456177
9395208
2063511
8322294
9362434
2907297
7781606
8657941
8715285
7871726
6036673
7625940
8821798
6241532
7363795
1703103
8117463
8797227
2432145
5414118
4889842
6946005
5897446
5192844
7347380
1932496
2686181
8764488
6814888
4160748
2227444
2161912
6823091
8879195
7797928
6626437
7871642
2710722
8207505
744676
3398876
6896792
2088171
3488961
9272441
4963518
5921965
7642243
5872803
7240853
15285270
15228392
4193595
4480334
2235689
6626665
6995302
8502668
8396177
7036281
3300629
9010606
4521327
7937367
8936890
6896991
5463401
9452972
8674747
3267954
2506082
6913325
8371512
9043406
4291849
4291855
8150322
8871369
589145
6815025
9166301
2989429
7626028
8002848
6970638
5111080
1736061
3431770
7961879
8256787
2243920
2866526
4554047
8191235
8281599
2456995
7437818
2694566
4423116
2792891
9075993
9420059
3464609
4324820
3235242
4382176
7691729
8281562
2260359
9035052
15260992
2956679
5438975
2006448
5922283
6110700
7863749
9493797
7708099
7568819
4177404
1318354
9149773
785868
9346372
7617983
7970231
8355245
7880107
4414875
1752518
8600927
8002983
4947348
9330001
9338193
6962570
8060314
8617315
7904668
6143416
9321835
1908219
5438901
8093074
2776512
8387989
3268058
9469308
6176179
8347026
3194307
9117048
7257496
7478667
7216530
9174391
7904647
966159
998925
4243010
417285
6143578
2711075
2219565
4349519
8724104
8207982
2784830
2440754
5955140
8838808
8724122
2014781
8134239
8052306
695841
7462490
7962197
6954586
8379982
1842734
8830642
867894
3464712
2457112
15285975
7290413
2915947
7962161
8191536
1982035
8437454
8715979
7028283
15294136
5930505
4095593
7568940
7257615
1834621
4136535
4292139
8273426
8625903
2596425
5168672
7912982
8117781
7962121
9133819
7036446
4390457
8961781
2440794
7511798
212614
2703009
3440318
8625673
8732169
2825894
8773128
9125382
6184656
7462654
15203958
15318651
2186931
15326844
8945169
2170557
8674840
4202211
9199145
9362987
8191700
7945938
8650286
9363006
1711785
6176488
8969791
7855822
8003267
7536328
2825872
2850448
8380099
884429
7593656
7806650
15220262
1998544
7413439
8887881
8011445
3423972
8920665
9313880
6061703
2506488
7716501
6766213
5201576
8011411
4259499
7798406
9207421
7208606
15285789
1761006
9281144
5070519
8265592
8314745
15269856
6782826
8273776
15253479
5463874
6774645
9355160
1736450
4382553
7429997
1695492
7626601
8445853
8978327
7356243
7585622
7798618
15278022
3489543
9527207
8052544
6242077
4185975
565060
7429951
8675274
7003962
7593763
8052522
1834830
7855919
4120421
5422860
647017
8281887
3120972
4243235
2621251
8290071
3481438
7724830
5037885
7626502
8478707
6143790
2850654
4341559
7003922
4595512
7577587
4603847
5922777
4325319
7725043
8560395
6168530
6692843
9223938
8658699
614297
7028730
6619123
15310709
2932623
5349362
7798738
6643648
7380950
7913438
2465677
5201895
7421913
3211162
9314084
6021109
6184934
7634895
4464633
6119392
6651867
7471054
8388540
8847170
4423561
9346884
15269668
9174853
8339376
6135691
7651234
2056135
3448808
8503133
4554661
8757088
1753084
2924486
3203009
958460
7675776
8200075
6012838
7839624
8396671
