439302
1397271
573184
1411612
578305
962564
607250
851987
737067
783144
960807
930085
563237
900130
719674
574778
1380640
457777
913712
401464
890162
960332
1403990
709961
1395551
175186
916061
645208
999771
211034
749394
720208
403549
438875
981073
574569
438628
778862
211051
622944
1403515
181106
994430
437620
854911
730232
739192
765052
600945
893556
994416
442498
791429
558978
703879
421782
766106
1399942
681881
944285
960923
1393295
700075
609963
869033
774828
678822
1390008
1417123
697778
713675
174024
389832
710362
761306
881884
638171
245723
176093
588503
1394933
792557
859631
888815
1400305
667117
1375999
560867
752352
662502
955391
620283
744696
902393
222453
502256
1399532
230649
