15233256
5983321
5106766
5462096
7685235
8958080
5446745
5960785
2522155
9243779
4538448
2975797
6760575
1413129
699414
8182880
6095936
7290994
3501099
5056595
4393052
5091437
7695447
2017338
2469888
3281945
6212722
4373613
4358262
5108857
8792242
3372038
4245625
394299
2134046
4132865
9117877
2859113
7936063
4875277
7373881
8320055
9078976
8431819
1385561
8916166
2108527
942174
4878362
4220946
6828091
9110750
2745471
9129181
6704190
6790206
890966
5104656
8100901
8711386
7019530
2575429
8666342
997482
6769666
7615506
2602048
2927684
8461544
8836335
4550697
7330847
4386870
8887537
7681037
9372916
7215121
7416846
15385707
2848938
8735751
15276140
15336557
2673839
3492018
8782849
9062413
9396231
280714
5874902
1926285
9519105
5109980
7205118
6083780
8657948
6715642
2165950
3393708
8658971
8809510
7899353
2240646
3139722
8392741
5891313
7473370
6812878
9386022
7833821
9276455
2493581
4649197
9373730
7698650
8066260
4971770
2821273
8154319
8514613
9015357
9300026
5129462
7888064
1353901
2918549
5033202
7228590
1743064
1814745
9400397
7347380
15254573
6019229
8610890
5177476
3459321
4163826
1905874
2805989
9192541
9477185
6761653
6988985
4282517
8332457
4424858
6731964
9488459
15338550
4967575
7797928
6671546
3017934
2803913
8741984
8409193
9477241
7021696
7868565
8512627
3013854
9352317
4963518
2454748
3009745
8446077
2607321
8797305
9538961
6237534
7635313
7719283
7899518
6853999
2587948
9360768
9189789
943387
1821966
7575908
8416664
7763311
9210261
6636920
9208210
4483419
7268721
5394802
4514150
6009214
8413608
6993222
8133969
6760776
8223058
4458868
3139870
4423026
8768948
2714906
5445990
7592260
4359544
8515002
7743819
4509050
5966180
8277313
3529077
2970984
7277866
6108442
2237803
9482715
15296935
7479612
5947658
9069019
1862985
8816083
7602466
8299814
189787
6070535
2937164
9237996
1304945
2548035
8049948
8434153
6019377
6754572
8846829
656742
1886577
8412654
7605508
8876533
6745362
7941389
1313121
8209672
7478533
3108182
4398397
5937444
4462022
2721194
5876189
6765024
8912143
2039190
4484559
9400579
5939669
7393762
5458368
9075993
8866067
9035037
15197554
15243638
6214142
788909
2835849
2924942
4382176
9056552
2848143
6784463
4436458
7291332
9305377
1705399
6693321
6759880
8319438
4557191
5063055
3436018
6736302
8753484
8548686
4417938
8355245
2908671
5003673
3462627
6670770
8436055
5169558
5193110
9255251
4947348
8490339
6946189
7490966
8759651
4930979
5114279
769510
8347026
8625518
4955576
4518323
8536443
9024882
9185650
7190930
6951530
991757
837128
15207148
8230521
9216650
7875199
996871
8781452
3076644
7305829
3092004
8060534
3440187
8173171
4998748
7212670
8599187
8236652
15241978
7015032
183830
4252244
6071882
4338261
3397160
7008885
682539
2730507
7227980
9048744
2993678
8320605
9534130
2055739
5407350
6122105
8279643
8417957
6189689
9336486
9058979
3011073
7769690
1388091
7276096
7793218
6207083
8030799
2664990
8565435
8147527
9127600
1309230
9043639
9292467
8325696
8943304
197190
2729580
512577
2488930
8614607
2882150
8717000
4880900
6733365
7244341
2888305
7640617
9488112
7257615
8508128
2832968
4583968
7202315
9350888
8265241
234090
7527966
2859589
4948516
1863276
1901164
4883003
8454896
8444658
2787934
15200914
2469470
8226310
7944710
8488453
4927182
8109811
15269473
15319648
2714275
8505867
8366836
4150961
4878043
8743444
2186931
5390017
9524743
8483353
8483352
15270515
5172948
4636381
7298801
8372957
6909645
6813376
8210138
6633164
605859
5424888
8827436
4301546
7318211
9363006
9274943
9377341
7859908
15273553
2945684
7310039
3519116
15198811
8623678
3107565
3264242
9324106
9514581
6760098
6622882
657091
4625034
9535069
6080146
6891175
7328417
2085584
3083005
6169228
9278046
9018973
15345215
444112
7475876
6197895
2817776
15355444
6689465
7804567
2823881
7715479
6148798
6776448
8585835
6210231
6700687
7329414
8747628
6061745
9037433
9167482
3203778
6155950
15365660
8205963
7393929
7654029
8912510
2995926
2632405
4172480
7960441
921359
7968635
7829363
8126335
8378235
1907480
8790926
4902723
2158386
8656790
9191327
6624113
8432532
938776
2112312
5919555
7735151
416540
2950967
500508
8882087
8551331
4396896
9313197
2007866
3557138
6832972
6942535
4225909
9104307
6756186
4100990
6242077
2001755
4516609
9085903
9436103
6881080
9149403
2747259
1883977
4872978
5201687
3000177
9107414
7711531
8451042
9024491
7361299
2643789
5166891
7885599
8986593
5430073
9446396
8058647
6241073
9547774
694136
2247505
6717203
9362427
5037877
4120388
4903728
5370666
15228820
570229
432006
860041
8344571
8510213
4325319
4877250
8554249
5389248
7817185
4345813
15229810
7412715
7192566
3281839
7941081
4636647
6061049
7913438
8826667
8186834
8187859
6967258
7738308
1883048
7591879
4323316
8378314
5182456
6136801
2900881
2056097
9240370
4212608
5340051
2100196
3240948
4633475
8097726
8933197
15285025
2241514
7282599
6902693
7885736
8719188
9399132
9482051
6746035
5139352
9086813
3228649
3271659
857046
6145926
4972438
4645784
7737257
8162201
7237511
7003009
7202694
662502
4924327
935905
3132381
4113357
6860700
7973774
7867264
5877670
9021302
