7528562
8355966
8839297
2768931
2687012
7667832
4194383
2736185
6914169
7479394
6070351
7037048
7635047
8257641
7495785
851987
9167018
3555346
9044140
8601771
5365884
7675972
5988454
15360170
1818712
7684145
737358
2998376
8798403
4333577
8060971
8257580
4341777
9117918
2834545
15261875
7430186
4653080
7823400
2760776
5390385
8151067
5062692
7684126
8962277
5005347
8601842
1712233
2170962
8224782
8323082
3416130
5439529
8700153
6619365
8511490
4522176
5071040
6988027
2580659
2736317
4391126
5906637
7217401
4202712
15384688
9060373
6832328
2883726
204970
6865090
7512286
4407532
7307487
2523284
7946443
5128442
5972207
8093891
9158707
5095668
8200387
2908307
6234268
8306874
8699968
6865070
7291046
3481828
7905450
4579474
7782574
6881458
5324941
196830
3571945
4440227
3547347
2859213
6774913
15376386
1786099
8446064
8347790
3178692
7594122
5931168
8831100
2597083
6856854
3424459
8216706
7774581
8167807
15335905
4505935
7725435
6676848
8626584
6955382
2941234
8405408
8741286
8626597
639264
15237569
6054261
15335873
8356178
6783327
1949988
8962482
15213011
8159552
8134979
7725365
9298381
6734115
8430022
2842979
2867555
2179434
8561097
7807271
2220400
4530449
4153704
7708962
9036241
9183703
9093588
8610268
2842954
8159519
8364304
8978940
8380677
4546872
8069382
8093956
1892765
9470235
7954933
9175297
1900940
6250955
2466233
6709754
4596196
7446994
8986913
5120487
7586266
1974708
6627790
7553496
2744730
4211190
7586253
5071246
8978766
9134403
6070679
8847692
3531257
5177757
8397138
7840163
8905040
15384882
8864095
9216342
7487917
7561644
9306476
9372010
7881104
7389598
3490255
7020945
9224566
8249729
6668696
7586418
4612674
7676528
9233033
9544344
5104192
6210127
8323694
7406181
7488102
8585879
7750254
15237875
8405661
729621
1843714
15205066
6963784
15246030
7742033
4358764
8626866
8282701
9159358
8323652
205375
8831672
15278806
15221418
8864453
9028299
3105386
5112326
5915153
8905429
7897646
4416027
1745478
4973079
7627305
6840887
8438496
15262345
15286920
5915187
7782936
4334129
7283223
7021074
1942118
6890006
8602115
3285686
5366486
6914785
15376999
7914231
8454677
1393295
6226627
5071568
15303287
5186286
8069848
2826894
8307417
15278660
459441
1802915
8929841
9134665
5374619
4244106
15368741
6881979
7766692
8553051
6865586
7987875
6234756
6218431
2638538
6840972
8045214
8192665
8430182
7242377
8331926
5866165
9495164
8905322
4252335
2130640
4432560
7750277
8782450
8888946
8512121
4874932
8143490
254726
7791475
6775662
7242596
6644585
8561551
8987527
4580170
8954776
15213562
5178205
746259
8250215
8889245
8455068
8840089
4907873
6636375
4399984
5407592
7218004
8250176
9102281
7463739
6619950
8643533
8405975
7930656
15254452
8995797
8405984
9446384
6931212
15287182
9438201
3203930
6652687
9454586
15287175
6824728
6128426
5456680
5341996
6005718
7881717
9306883
7234529
983964
8651538
7373800
9290518
9315093
7218162
7431151
8815398
2966412
2229121
9290533
6710221
7488478
6669256
8479532
5383138
6202348
2515858
7324633
2130840
5194743
8512320
8192951
8962884
5014401
5907338
6783927
8348591
7685038
3376111
213985
8315803
4416425
2499530
2991071
7816069
9307003
6120363
4654000
2638801
6833256
15287528
15344867
3114021
6186066
8881291
3482683
8004724
6136914
853017
4351061
7799904
15222004
1803271
7234674
8529052
7906393
1934399
7758932
8873121
5964924
4416618
7955530
8742076
3425396
8996041
9151690
9372876
6661167
2688100
6079505
7783462
7644198
6063115
3392623
5153811
9471183
8094745
7545878
8061982
7570456
9233633
599161
1803369
7218205
509042
6153256
8184841
7693324
4940854
1983646
2098336
1901723
8258808
7415037
7226623
2540725
3089596
8185071
8676375
2770111
9208858
5997763
2557118
4334808
8406042
8905752
5924090
8635425
5162221
2008250
8037589
9274429
7734465
8717372
5932262
9241651
5448851
4965513
7767219
15221806
6169750
7554233
5874829
7775394
2598129
8127652
7931040
15352880
632043
8463458
9471095
15385602
623845
1918193
1770742
7390365
15295494
2565335
7488643
8447361
7939441
1418524
935175
8168821
9430406
9201054
7390563
9045401
8496533
5064027
7644514
7898467
8512922
8562078
8848806
5457264
8676775
2778381
4883821
8365400
9405860
2966785
2483464
8521139
3007775
9020859
9086398
6202724
8136007
7218512
6972714
6661412
9283020
7021870
5145864
9168347
1795402
7882025
6726963
5375243
9233872
4359453
15320456
5948724
6169896
7374087
247161
7464206
5965275
2139556
632204
4105655
5055936
15328633
9274649
15197554
2622911
9069846
6702534
6219263
8046045
2950529
6677960
845233
7284176
5875099
2958825
15377711
9004366
9241920
5178753
9258329
15254846
8414552
3081715
8783195
8963413
1934842
2147783
6964621
6915457
2745796
6718859
5064124
8316300
2786777
8676721
7357831
6686111
8758651
4580933
15214315
8676992
4122171
4965966
3237435
7366266
8677007
1697303
3384893
6071890
2532905
8259181
2033161
4097577
8373853
1762878
992807
7579227
15222468
8095307
5023358
6620758
9381560
2491935
3573263
7013973
7628362
624207
9283269
9307846
2451049
9520860
8365617
9356992
2098805
7734817
9512646
8201767
9545422
8898279
5899832
7374356
7005711
8070686
7702035
6055476
9144034
8013334
8275474
5326396
7546396
8742634
3098207
8267277
9201397
4228802
9512467
15304288
7571171
6956792
8267499
8382182
8390177
6809285
5916400
7849666
5900013
5416683
501435
3425929
5007091
8119995
4400774
6194843
7972542
8644164
4499082
6997669
9250397
8218287
9528904
6719160
7693994
870127
4130523
4581025
6964879
4564643
8660578
5973692
7407260
8726122
755449
8586865
6104746
8046208
8980082
8840824
8816249
8980086
3540790
6702949
8529798
6072153
2991915
15337442
6932323
15247331
4351826
5998410
2819896
665362
2950967
2156347
4245345
9070505
5113707
3139337
5064555
2549518
9095074
8701869
9168807
5343102
8816566
2688792
9152441
4163337
8914878
2148123
15370157
5408538
5433091
7939883
501588
2525042
2975608
5383947
5039894
7005963
8996842
2246471
6170424
2721614
7948049
8333072
8316687
8169230
4138827
9266959
4212675
7505910
7940093
15386466
2099115
7579644
6907899
7899116
5449670
5457861
7612396
6686719
7317494
7301108
1927042
15337289
1877946
7940053
3213214
239537
6957022
8890174
3262348
657333
7866296
1419223
15320875
8701767
6178715
8890191
6776748
6743979
7038886
6137746
9185118
7866284
15329087
6096778
7415718
6080390
6137735
3549161
878573
8587107
411631
2992071
7784348
9348990
8742768
2828252
5900193
5171120
7989126
8882310
6727780
575500
9177224
9390218
7694460
4950085
8579220
8480918
5359691
9087126
7964772
4327517
5195887
9545904
4966505
8071257
9062574
1787964
2091057
8489138
15231185
3196938
4163588
9447595
3377164
1411157
3459198
7669817
5408796
3483749
5072927
9226456
8235045
9398486
15354032
8939730
9341141
8357920
2738249
7710741
8063003
15255689
2943054
2164804
3254358
4196396
9005284
15222940
4614207
7702537
6096928
8652804
3106990
7309550
8284402
6883579
7588069
4483283
15313009
2648242
8767518
4458726
7874779
8104159
9291816
5171432
9537590
1296571
8349910
2910336
4958436
452790
9291838
444602
4229372
7366863
8767555
7309475
1706199
657627
15353913
9185375
9316440
7383208
6252678
9250900
2566397
15214644
7882917
6162560
9037911
7620779
8579170
8530023
2721998
2853058
8472680
4098258
6998163
6981995
9537940
4294983
3574065
7006586
7039353
4327766
7498087
8137060
15206857
6752582
3279120
6179192
952614
960807
6785358
9095610
3524870
2787612
7276888
7383367
6981968
6973777
2984209
2738455
2861417
3090795
7661873
3205498
6138135
9341379
8587731
846175
2509170
4245780
5916940
8349993
9357783
7457069
1976643
2558329
7637290
887148
2558274
8218906
616807
4155729
6203696
6768905
8030485
8792565
8980986
6146346
4237625
8194304
1812891
3074478
6679015
8972557
6244823
6760943
8448266
9496858
15198580
4270548
9144605
5884353
15264114
5433807
5867975
7776725
174502
8972589
8931631
4581877
8120776
4205044
7211480
8710450
9169202
2976144
4925834
8677696
15190304
2632175
8317364
2107884
1763789
6629810
7449000
9546060
3459562
9455984
7776661
6998412
1812979
231917
2755012
8489328
9464163
7031198
240122
5048759
7899525
5950042
8309374
2124324
8620679
9276040
6236760
8186491
15256288
8440459
4442702
4229710
8219246
8063599
9464456
567851
2927119
6122105
8178260
4549228
1829421
2189848
6695514
7817803
8997557
8596161
7801395
3263098
8669903
6933052
6121990
8432348
15346359
7203379
7703061
4909615
9005804
8833772
3525214
7866890
8202760
5925420
7293465
15272556
15313519
1813149
3426995
1903252
2689699
8202999
2206378
5040833
9464323
600733
1862283
9447947
15329908
4147874
6032066
15207031
1780410
8964651
9439797
9456181
9226794
2689667
8423984
8039113
2050731
6171369
5098230
7391951
6810277
8907332
5925532
772802
1985234
5180033
6048402
5417608
8833629
8923733
1813189
8317600
8464995
2452166
5933753
1354482
8825440
9251429
9390695
2149066
7498399
7752347
8612460
8178318
5425830
8579700
4147908
5368490
8465023
7867256
3525430
4418375
4459328
2894633
7850875
8907659
5409631
1886995
7793504
7252857
8063852
5376846
15297526
2534201
15223744
2812674
5401467
2911005
4590455
9423800
7318359
9055155
4467460
8588226
2542436
2198373
1395551
3279743
9259997
4303632
2714480
6695740
2550653
8866780
5966599
2943817
3558239
4418351
6884100
15354776
8284936
772988
600945
9104369
240510
2493272
15280994
6867940
2223020
3451812
8637202
6876155
7613408
3296165
9071389
9005842
1936257
240546
4885483
6998978
4582383
15297349
7252956
5131257
6089703
7900101
2173855
7875526
15305558
7646155
5458833
5114762
7687100
5188485
15207227
4492189
8293281
9259858
7687062
7809938
7867295
5901233
7318402
9448319
5098429
7654276
3255232
5188542
9530213
5958566
8293500
4140090
7941247
8932494
9448598
5958743
8154225
3492923
9038983
15355130
6671472
3091513
6737022
8514713
7539818
8432797
6745154
7212106
8162380
7318622
4918393
7605296
8588485
9415881
15248548
4320269
8735947
7883831
15330489
9276639
8531162
8793310
9366742
6777918
9317591
7564334
2042944
4344871
2608205
7695385
9473277
2804827
9358589
8555770
7031829
15371370
8154366
8670209
9489429
5909713
8457226
15305828
8702986
7531773
6728946
421020
15232114
4148387
8211681
8146136
8997935
15273025
3386520
15256646
2854043
5876975
953527
1780896
8228029
7244975
3517686
4197507
2125028
9538651
3009761
7646392
8973381
4525207
8875092
666845
5205140
658644
6786183
2018556
527595
8711285
5090494
8023177
9505892
5975212
4467902
8785285
7925116
8490373
3525945
7933300
8441229
7015781
4599113
7023994
2018570
8580500
8400281
6016320
7007561
8113496
8506791
2018617
9112999
8990138
7294299
8646069
15289809
8408504
6982993
8924599
8613314
7474480
4328711
3116390
7933235
8080688
8515018
9399746
8482258
8744406
3394917
1715533
1731917
5049620
5451016
6925618
7712041
15191429
6958350
7679250
8269079
8875498
904546
3255646
8916472
7875850
1928558
2542931
6155560
8154377
7941378
8801543
2010521
5942737
9071879
15256935
4541898
5451201
4550099
2960826
3558830
4247002
6073798
15281522
5443059
15224128
7990738
15322437
6016501
6188526
8031690
7777731
5033460
8654141
8236482
7957944
7687600
7826864
8162747
3460606
4189683
8580435
667088
7212468
1805760
5000594
7597485
9235816
2461120
5057960
9383265
4492715
8719733
9383292
7024023
8465788
8564093
2715177
2813482
8416897
8957577
9358988
658953
4435529
2420264
15281894
1814036
7417443
7917162
7966315
6786673
568852
6852213
7622250
7360111
5000814
4509280
9023136
8195664
7589468
4132367
659003
2772511
8638134
7425606
4206206
962122
9309899
8965825
9367232
2043471
6630965
15298232
7982632
4419088
15388351
7540262
2125430
9146065
9055959
4353572
8744681
3395166
5148195
8703723
8269324
8417010
3558978
7753216
5377578
5164592
9154293
15249047
9309937
6237914
4566723
9055756
9416201
8457734
3174050
9219614
5361353
6737663
6893299
6622974
5402356
3100295
9547327
2117267
15322705
5943010
15257128
7335599
8007352
9506386
9514581
601804
9317960
8719938
3411708
8285879
2453231
8261298
1896145
7712440
15207995
6622899
3534562
9399896
7548590
1855170
6041218
7663252
7532177
9260649
15306255
5983932
15289863
2182863
2887362
15289862
7491229
2764504
1789679
7769731
2731742
8875645
2961110
6794908
6942568
6246237
6074200
5173065
5336925
8351602
593671
9252738
4157228
15257597
6868861
8941469
8712090
15265783
7704426
9310127
9375661
921384
5943152
929573
8409003
15331269
7753561
5107581
7688005
8130383
6123364
7434058
216894
15372247
7802698
6778712
6721318
7556915
8171324
8097587
5910288
8441809
2191218
8843219
6745905
8154916
7483179
5205780
8367908
2797430
5377807
8294176
4329250
4140893
9293802
5189415
782178
8064786
7581470
8220432
7606020
8663028
2010989
8384268
2846545
6606617
7393039
4149183
4927435
9441042
8040446
7344117
8466180
3100585
1839003
8597252
4878274
5058500
2486191
8179696
9391902
1757065
9031450
7909359
1707905
8892198
921517
5451760
8032223
7925726
8392489
8711976
9113382
8965926
9170747
2994078
8998717
6017004
6107114
2985872
6189025
3190769
1404887
5959581
8875854
9400134
2084816
8187827
4411282
3559394
8482645
176084
6008707
2879435
6188985
9056098
7384985
7786397
8236945
8540015
4313007
8703863
9105277
15339280
15281940
3289036
7573388
6156381
6639725
3108897
8032360
1765390
7360614
8360039
15257844
8360032
8564896
8802468
15356105
4411494
4534370
9130146
7688286
3461144
6844484
7352385
9498785
4526192
9220281
3125270
225337
7901250
5427311
4223102
5165168
4173951
5910554
8941768
7270447
6828076
9425099
2068570
1798226
8638674
8655057
5378052
8515799
6705213
3084403
6197251
6647866
2920525
8089625
6008894
4296747
3100739
4288559
2011247
8728820
7360518
8925426
1921181
9064460
2674853
7311614
6238460
749742
2011321
7393500
8122569
9138239
7778499
8089798
8712261
7303341
9326665
8630347
962778
3387622
8024237
8433751
8106144
4329630
6893749
3223791
4305054
6639802
6181054
6623362
6647944
8491116
2740423
6230190
5189820
4444341
3166407
454908
6664345
8712314
2429228
5337432
8032622
2191670
4583768
7008586
7246157
4485472
6959438
7311691
9130403
4460914
2838801
8008000
7483721
8040775
9032137
5181704
7221543
15307171
7573817
3486075
7352611
7467305
2068804
9146832
659798
15389110
7737643
8614365
8876505
2093439
9515505
15241610
5361971
6828299
8532449
184678
4960556
6623490
9449981
2085229
8901109
8499698
3576131
7876878
7205143
6066464
9449967
2478503
7000552
7508464
2732461
7369205
5034442
962953
2584992
7328228
7705081
9007365
4583882
8163827
8917255
15266161
2593214
9294100
4911575
8876314
7008756
7401941
3543454
4436458
8966435
8122827
4444656
8098246
9417009
2453989
6984099
8483146
8573257
217551
8606031
8925509
4592022
3379681
4354448
3494381
2847217
15331637
1913280
7704981
1356277
8204700
3199449
7221637
8196497
8745332
7565696
4895159
7369101
4305473
9228941
1397271
9302671
4960840
7664247
5993042
7418490
6091344
1774095
4952659
8540827
4551263
4371040
7418450
8975019
9384620
7541332
4313705
5354107
3011073
9286304
8352336
3248643
5157499
8270401
8581824
9384653
15340207
266818
4624897
7582265
5157379
4461066
7934519
5968394
7385633
504402
4960798
2208374
6722110
2454137
4870678
4149847
5042726
3576413
9499389
2224719
3568198
217718
766590
5370409
3297867
9368311
8827640
2765482
6632164
4453057
4256451
9122319
6099672
3543729
3486393
7435005
2871972
4362957
4240080
6771441
8368873
4633297
7361260
7844586
594604
4920045
5968636
8270553
8917551
5018340
9425445
7516889
9499195
6722248
8843830
9245246
5993198
7574213
4436733
8073912
6673057
5329556
2863852
8221365
7901875
8450637
8557132
7336638
7500448
7918250
4461203
9032273
8344227
6222526
8286878
9384559
5952185
8770146
955110
15331845
9351778
5157539
2642651
4272828
7459470
5460819
15324143
5108555
9474966
5968720
7287652
8000374
6943588
7787385
5444419
7721829
2446135
7271290
8115054
7500651
8680344
5362511
7689047
7762771
2437891
8295256
8942511
8565675
5362554
8426411
7623494
8229705
8852400
5378921
8418236
7189293
7754545
4412171
6796075
8049451
1790798
7271225
2257787
5075735
15250314
7762709
7451414
4895523
7328518
6034230
4887335
5157693
9368570
8368906
8926207
9409295
8025086
2044820
5133250
5993430
275338
15274874
635807
8066018
8123366
15389556
3396525
2724745
5886962
9098022
15315780
9163579
2028461
7631808
8794940
9524013
8270784
9040695
4199298
8074168
2446305
2569187
7590838
15356716
2200555
7025568
6124435
4453269
4330389
8213409
2601978
2978803
8352671
8917864
7877529
6042558
8385434
4150233
7623571
9540470
8958816
4920228
7656321
3126232
562160
15258384
8483705
9278324
7189393
5895079
8959112
7631989
8115320
7017582
6034523
9286794
6952034
7771260
9286785
9294976
4502603
7828590
5911616
8877212
2159678
8803480
8148067
2233347
7730260
5076073
4576352
9426087
8803498
6853701
6698057
7672922
7992393
6181997
6173802
3109914
7558213
9254075
7476280
6730797
7541795
4248593
5411841
5985295
15373501
5993484
3445871
9499851
7418924
6870024
7623700
5010478
6935562
9303275
6984707
7607327
8172567
8418544
6607888
8516852
15389852
9532646
2626640
9458920
4871223
3003474
8934412
9106446
8950797
9409541
7861500
9245696
8901640
7771366
8573970
8140010
4535506
6698238
9401366
7771372
7238901
4437213
8664102
4469984
6018300
8647723
7378142
8058069
15348821
9253964
2888943
9409611
4494467
4641942
7918762
7558310
4871324
9245780
4945041
15225908
8066215
8344735
6026426
8746084
7681169
5010596
6968450
7926930
5067942
8967270
1955052
8795253
759036
15299601
8434812
8926324
8492159
7837045
8418698
5420352
6698354
6747519
9467273
6714747
2020608
8992169
5444978
5076335
9541043
570659
7722328
6673738
3544327
8672695
9172402
5420393
6698331
2757995
4912398
7476535
2938218
15242658
2422127
6616362
9262557
693597
9549257
2241915
3249515
2635082
8213787
5199166
1815907
8664572
5936419
1717601
4420924
8386047
8967433
8942860
9508116
8132090
2143658
5363164
6747627
4134316
6772221
8934674
4503007
7714281
9286929
3134898
873875
4584935
7263684
4290028
3241349
7574983
6174182
2635155
2995606
9073972
4281854
8688965
3552756
8754497
7853502
6026646
9327939
8770891
8893768
2741755
3274211
9401692
15324478
7804335
7214514
5035411
5895613
8115612
5887409
2545100
9549179
8992100
4298158
8549747
218608
4412848
9090419
1308137
9442670
9098889
9475740
2717220
4494921
4118064
7943798
9107097
15349500
9254555
5953091
15193853
2733621
5887559
6919798
5092972
8492709
3544592
4134424
5142121
7452251
15300295
8992441
8713916
4331129
5043831
9180849
9426609
3479156
15267500
6182424
8763075
5428767
8500940
9197249
4576779
9221826
7665211
7493154
8369708
7869998
8107555
15300276
7829034
2938482
9516751
4355619
4347425
2422337
3413586
6026813
8238618
8648420
6141492
8959715
4429357
9451240
4470333
6960662
3479112
5412399
1365649
8910337
1406616
3241632
2553522
9041437
3249830
8590878
2971315
6616772
8738336
4503266
3487389
7313095
7280351
677561
7026392
8631862
9254456
6723281
9524777
7304916
8468026
4945655
6108831
5912223
3225336
7599806
9418334
7771812
8623697
3544805
15234610
8410718
8787544
9500285
8861311
882420
6248101
9246326
8631935
8525436
4880202
5969755
9049995
4167485
767759
1824540
8050557
5371737
4355918
7665508
7370593
8353646
7542628
2840370
6051649
2930446
5937017
9328555
6649677
956199
3479324
2709253
2037543
8189766
3208971
7567183
9353139
4413309
8837048
9213897
3012454
15210404
3413881
15202216
2242417
7272253
4945695
8763344
2987898
1881922
4282144
6854412
8320792
2520897
7247622
5338943
3209033
15226771
1898343
7509769
6190883
7608305
8067051
15243120
9123602
5355466
7755734
5912571
6789058
4642784
5912566
6191086
7911368
8894258
15284062
3217289
8689470
9377589
7591858
15226670
8410953
4962176
8501072
2758654
8681296
6870973
8804179
8517463
6641596
2168831
8664922
8468321
5035949
7681938
4216745
7870344
9287549
5167039
8410993
3119068
6100910
9344890
7042974
8099726
7034781
8001421
8157058
6682724
15235309
1792030
15325423
8378489
7583871
907292
15382783
6690929
8116324
8132700
4503656
7272512
1873971
5134462
7690305
4446326
4946045
7518276
8247356
2742380
7018541
8665292
8362036
956506
8362027
9271512
7305273
2652287
8894672
4560924
8312866
3463275
7682065
2447427
9517305
2209864
2938945
8075286
3405916
8829161
7239711
3381317
4094024
3414092
4241466
8878330
7215121
8083704
7608562
6617315
7469306
4315340
4511946
1833108
6985957
7846136
8648716
8771594
15259774
8771613
5445874
8525863
6904014
7452888
5429497
5077216
2603167
8484921
9214004
6789342
2226333
7502030
2676969
8960073
4421766
15235104
8624203
8632399
8419415
9328727
4405407
6158464
8976470
9263213
5994674
7395482
4503720
3242177
15218713
15276056
1702120
6092973
415996
2472155
604424
8436102
8354168
9181572
9066887
6887783
6879610
8632725
5364038
5085524
8509851
8821147
4487515
2808072
7911760
6650188
2775303
2636056
7387456
4389232
8116547
5126514
5159282
6682968
8206652
4356353
6224155
8747458
2013527
424264
7207203
15292862
7706914
7756078
7412011
5454088
2578811
514407
4430112
2201925
9222629
5912880
2201930
7936264
8804850
8354058
2832724
9206029
7846388
15284590
6707695
7240190
2988473
6044104
6904316
5102037
8059362
7961058
6175169
8640803
9427247
6674886
8501541
2652557
7616989
8378832
7641541
9369916
4897273
2587025
7600586
15358289
9500971
2423193
2709993
3160564
7600570
7879092
3095009
3398118
3013115
5011866
8943955
9427280
2578886
6805891
7510422
3422673
874978
9050469
7780741
7920011
6633873
8427892
15374621
5872032
9525610
9238897
8649346
6691428
4495938
6126164
8018538
9525890
5388878
8731289
2103808
8174168
7191112
9370276
6675019
8067668
6093416
15284958
9337551
3095146
8936141
8190517
5896722
7584316
8444625
9329375
15227578
7764515
4274710
15301299
7862829
8075815
15268489
7592466
5405236
15202958
2734659
5945899
3504711
2873944
1833581
4323894
8952561
6937109
7821835
7420428
5962458
7363322
5888722
7609087
2652836
15268455
2038411
2693821
8632857
8100582
15268426
2488967
170663
9067040
7633626
6847192
4930291
9443881
1702565
8477246
9239117
4176635
785091
2980583
7518880
7625382
9378394
3193574
8567380
8845905
7781038
6953648
2628340
8649311
8854106
7592594
8428132
2800327
8108694
3381981
7617157
416500
8583793
6150826
891636
6150823
8632958
9230961
9288591
2857763
7453562
2194222
2972450
5454657
5462849
6765439
8887197
8477594
4889430
8919957
3537706
9190316
9272236
7240519
8706996
9067450
8010575
3259143
8592314
4389758
1751844
6970197
4545284
6880041
6118170
2947943
4553480
8420301
15285158
5430017
6798129
8534996
8321833
9083856
8207139
9362414
3464017
9370600
8018706
3504986
8731626
15317912
6830870
6650650
7814135
5888987
8018936
15317869
2096026
2735023
2956202
8313845
9263878
195468
6667243
7281633
7781348
6978553
8362987
6159304
7658465
6921215
15235957
4496359
9435947
2169732
5061611
5962749
9321255
4914145
703396
4520948
6912985
15227737
9427773
7568320
9435963
8354755
5454830
6716377
7560140
8682299
6691751
5184396
15317806
5430170
8158133
5430168
2464745
4217740
15219493
1932242
9526110
8411984
7707556
9501508
6609843
637907
6216637
5405620
2907083
2980805
15227652
5954475
8993659
8215432
8493940
2735071
9386871
5143476
15317778
1768422
4193338
4209734
8092777
7273597
9059481
1858569
5905485
15359219
6249537
5954629
15375563
15367365
9272508
7863362
9370811
8068172
8068162
7658568
6872151
15309997
8158260
3079268
891969
6945849
8928473
8813779
4881437
4242458
8199196
8281114
8772832
9190634
6716417
9239778
6683671
8592630
8666353
1956971
8854780
7912453
7224558
8355070
5127372
9436188
4644050
6012097
7388397
2219139
3488919
2522248
7314625
7994582
5324001
6044909
8756279
8281291
785586
7281875
9362481
9247821
2890989
8551489
4947087
4127988
8903753
941272
15301683
8830044
9174102
9477199
15236108
7830673
7920799
6077621
7707807
2948291
15203350
744696
2882782
4963518
15260695
5201228
7978352
7683448
8502668
7929206
8707476
4390230
6847870
9543046
4963670
5373260
8568223
4095262
7339342
15277519
15310275
7511384
2555145
7912779
6905181
8437180
4930933
6978901
8969679
6782255
2579822
7904564
4652299
7429436
9100740
7863591
8945113
6757684
9149918
9461191
8256807
7224626
8609249
15383950
7847195
8256787
2981209
4226360
6749670
9288974
8330747
8453384
5168580
3071397
9264390
1367430
8363501
8371691
3194283
6217154
3227055
7699927
5979640
7937501
5373431
859562
9108781
2850203
7986632
7863749
7585221
9305397
15383889
4201982
2874857
9190728
6200729
7478709
7912880
9485656
6880678
9133381
7191998
3300839
9403733
7036343
8281505
15367434
2932175
7544208
7642513
5365177
4627885
9461115
4996512
8109462
9125241
5070265
7658881
3128792
8445311
2735657
7806582
5127756
7421558
15212257
2498092
8396429
8724104
8642194
7036543
2891316
15212273
6725243
7528045
3161624
3178008
15384285
6004322
7953987
2563608
15310505
3161712
4169342
7765559
5037577
4562435
6790689
15195819
8896201
9223903
9240283
523871
5996090
7257615
237159
1957497
9264873
6954509
7757341
7912982
5021246
5201469
15359646
1359457
7388678
8494843
4537918
2080354
3104336
5062194
7806709
900745
2932392
9346569
7306983
6995683
4128436
4579023
7298788
9231873
9240067
7962344
9182740
8445465
9387541
4636381
2170557
2850487
9338386
15277645
5955324
8838688
9281067
9461306
6651592
4136593
8642093
8871465
7970505
1982127
2170519
4308726
8314566
2825872
9256502
7446222
15228457
605891
8969794
5349018
7593656
2506474
9354816
4144880
6790838
7437987
7585441
3383015
9510468
2612976
9043550
6061703
9428564
5930628
7970471
8363681
9436752
7347856
925423
5152428
7380626
7552660
2965185
4308655
8445550
4284078
7929495
9207421
5455527
7315099
6135467
8576629
3243721
8560248
2678483
7265941
9002615
6029145
6061912
2744110
573184
8077171
8552333
5463874
7864166
392983
8724375
9191327
9068445
3202861
4128547
433958
8560546
8609696
8060764
1957684
3292952
704319
835385
499504
8921009
9289652
5898083
8445882
7790410
6823766
4652921
9379784
8126251
7552801
2252657
8290087
6086406
8355613
15318922
8454118
6135605
2146122
7880467
8511469
15269766
5357346
6897434
8445940
8519669
2834270
15253406
5037877
9101301
7405557
8871682
7438327
7454711
9387784
7938033
8323061
7348223
8970008
2039689
7765999
7561193
9322261
6684665
9445133
1900477
8970027
9363240
5365758
9010982
5365728
7987149
15335260
8306628
5054448
7331793
4153343
7389104
7978937
9043786
7569335
7520187
4620172
7397307
4390800
8740695
4972438
9355119
15343369
8757101
9527161
2654145
1925104
6807433
9396065
1859566
4652991
4284347
7790475
9387889
