7453297
7709813
740873
2243104
8230521
9448086
2459695
8816781
8395916
3519015
7020159
7385189
5416517
9129116
4239448
6748285
6631035
8330849
4282464
1699388
7544404
2503183
636450
6647880
8892073
4572277
4208242
746047
8394933
2151960
8196164
9472169
860727
8739007
15205587
4301437
8914612
9274547
5406224
260679
5448726
3103332
2076242
2633830
8236594
8899784
3223651
7492128
5446662
5345289
4154982
9286359
7759405
5911558
7725097
2459258
6860301
3459667
5888574
6146101
7523866
8175636
9469176
8601327
5162019
8211984
7275520
8861940
3183688
6628894
15363734
3499593
3390542
6680293
5876955
6664422
8378619
6222043
9460757
8339193
4913859
5143239
1995411
9472030
8241897
1964673
3228334
5911237
7374032
5113578
7767763
8472615
15284803
8636462
5881058
8689221
6099103
7954106
9506386
8524871
2749664
8692301
5973137
839362
2691815
2988771
6148237
4624021
2944760
15352380
5205657
1304266
7319220
15231541
8675419
4184797
8056478
659693
7502485
4630700
8007824
6012599
9081983
15219743
4288703
5201228
8974731
1953048
3096874
772876
3507506
9421704
9524630
7471996
8663445
2451255
2034444
9540482
4488028
8495001
7401834
8316260
7560552
6189378
9028521
8320863
9461170
15358926
7445845
272674
1991475
2934017
3170078
8865704
719674
2874139
8946104
6110063
7935820
5880672
8286023
460088
7661877
1825113
1399126
8099640
7772987
6914365
7227707
9170910
4116840
5068053
2930549
6136583
15332277
4168033
5106450
7617813
6217528
1415013
2426197
1962860
887167
4434741
6243622
6775581
4962102
7458288
7952378
4343748
669056
1828752
264596
4651473
6232519
9338645
1968003
4160929
2935180
3507605
759208
2590595
5450231
5872124
8964398
4201448
9227046
965536
7499741
2517398
5940714
6912985
7252956
8547632
9223480
6089193
4903923
7018455
4247938
8362429
7668657
3386362
4182517
4400527
1763285
5384093
1396166
8324523
8989020
4967837
6660018
8841567
2945015
8326561
3540950
1878015
7274376
7286665
4532653
7207812
8821615
8350101
8116631
4572074
6136233
1975272
8849787
934897
