926222
592907
506881
237061
509440
251396
423950
445455
714243
929799
706048
751105
273929
644612
835075
1392135
759321
610333
431635
525855
1393679
1399823
740375
947730
257566
682539
448036
1400371
510506
577575
229937
200752
395317
716857
786488
840763
876602
905781
860727
421944
924208
907340
740936
505922
176196
843334
886854
574021
672325
914013
916061
613981
1409091
599634
647252
563305
625259
759912
566892
844393
933483
609888
960099
968800
925311
183409
602749
780927
217718
967288
726643
880753
1379434
943729
441990
442498
702607
776334
734861
653966
665222
520328
635014
512151
1379457
600733
1409165
986262
1393295
566418
440989
203422
672916
921262
980136
516768
689325
949417
214699
754339
439471
269486
404141
610466
771237
723129
970940
420533
1395363
768189
1378978
861877
712371
619699
875703
637618
791223
951477
637110
520902
876236
249536
226503
429762
601804
427726
417999
731840
243912
974558
561881
845016
995035
685271
222940
898770
279781
838894
870127
921324
955624
708333
1378044
211176
230126
595684
673508
180979
248562
624888
1374438
710392
789759
992508
902393
951034
698620
982263
730359
1410795
874227
458489
226050
921359
1418007
971016
855818
277260
578305
453896
679684
651032
729368
176913
879385
854808
729885
900890
839440
899858
737067
383783
791336
842538
978728
584481
855332
878374
906530
973630
634687
706354
283454
777015
1401128
236861
960332
915790
700751
854344
910155
1387868
281933
724289
194382
565060
191826
187216
401748
443730
1400131
880474
709970
652117
507738
687444
858476
515428
883050
739170
617831
401783
854911
994172
766846
427902
209786
625011
671088
974196
413053
459643
877965
1372561
1408400
265602
443264
739715
949638
774018
521101
237966
958848
614297
723866
638363
917916
434581
982426
960923
848794
923033
969110
783248
1386888
395675
949678
576937
648107
1372087
921517
847780
281512
503721
407990
239537
254385
844222
878521
722366
773054
714172
1396141
845233
441272
453561
266693
1406931
282061
864707
421833
1401285
776667
457684
792024
624604
573918
927190
439263
640464
777199
662508
201188
967143
735201
199145
653794
767456
642532
723428
769531
649723
997885
518131
419314
1401826
245236
400881
790004
1419756
681462
1404392
965617
