15303913
8365175
4557900
240648
2879525
7442559
7481440
9346199
8101985
6943861
1945663
3202068
2623489
7629919
7598174
15226054
4211823
7435358
2982940
7472195
8687798
4207732
4197494
2635807
9217204
3124246
15304914
3085332
3445775
498747
9455788
5082227
8017988
9098420
3440651
8521917
8195132
9449681
6000668
7941182
3157113
8378421
8503501
7471167
1304669
276555
8287278
8191022
8561872
8310829
4871198
4510739
2851959
2869366
2089085
686188
1945713
8508653
7912469
646247
731236
7489538
4466743
6018094
7950350
8655098
9445614
9440273
962701
5066954
5103818
2228392
8883211
1849491
6966521
2530482
4246744
9453576
7234807
4173989
2883767
1899648
6770939
8726555
2800821
7906525
1402034
1961146
7325895
8456239
9052197
5953774
8232136
749746
7641288
7772362
7239891
7620811
8712251
9108554
15242282
2994415
2931940
5933207
1359044
9082971
753884
9459791
1917182
5882042
9253993
8410216
8556650
9426020
1918193
3008706
3074265
1771744
685300
7503217
1830174
9454998
4334917
5071178
7567738
9366914
6873446
4390230
2782524
7347558
9181594
4605278
6057282
3421460
2617606
8900006
6924623
9010606
232747
610593
3159320
6661453
2764035
6163828
2854144
1746219
7833926
8943035
9524642
3500288
4440436
4544882
7005522
8826301
9175475
609609
15283625
7467313
8410565
4934913
212302
8983002
2802032
2216316
8279324
2740554
243045
7813393
6773005
15215001
8024328
1986925
5143866
8383753
4873673
8514818
5012936
5154246
4146610
1774996
8218093
5877192
9406750
7941611
8747283
6669821
1378703
15255924
6202818
8703268
8267228
5455348
8204752
3545497
2715032
6170095
9069883
219574
7708099
5399016
6215138
9486636
5144049
9404739
3271139
8140203
4380059
8803674
15295753
7611796
991725
5127596
8094105
7898525
9545076
201188
2162121
2836934
2042353
727547
2637272
9396604
1994218
2864595
15234323
6711706
7216530
1987041
8264065
7322217
15328992
2882082
268814
8740490
6210127
6685303
5950025
8284779
5922370
3509801
4335199
6801990
7333454
9536176
4451937
6613582
5954152
4318836
15312607
7196247
15213267
772663
3380749
7478833
6881837
2569825
4895234
7259687
9247430
6888997
6123024
8733384
3144315
8421078
7436838
8201770
1808961
4532766
6971953
8995540
8885976
15300232
7863829
8944362
8706791
9072361
15203969
1902203
3102281
3224151
15205016
1864300
9368311
7726602
989839
2979501
4119231
1813149
2090647
6863585
3552956
8698376
3430074
8359662
7531232
8748567
8332010
1397388
1975939
7270131
5007059
9454095
7365329
7597777
2199175
7437014
7317189
9199136
6707912
5885675
2596499
6878941
4884221
8485430
3198600
4224760
8939057
3106452
6172389
3286771
8417859
15319597
8364730
4454025
726725
9121349
407255
3415781
8343214
4251282
6883002
8023721
2746098
2810614
8414814
9112148
7278219
8125086
4117208
2590411
4160211
6720138
8905322
9225852
2879193
1734377
5977768
2844382
6677136
7408260
9056895
15314462
9222773
6004573
7901054
4909901
6645602
7904112
5122884
9446298
1882895
2905919
4134694
2163517
7655272
5080912
7026507
2114312
6234986
7690051
8655795
2641685
6920020
8605628
4649734
6865696
9423815
8104754
15214499
2657123
2947943
7675705
8540108
8675274
4138864
8148780
8703958
6186754
9153495
2152319
236387
3542871
4954924
6720271
8911854
8142614
2819904
5430073
6899461
2861915
7024410
6090542
9239550
8410101
8317703
7405323
8519424
7449587
9020172
3013547
8199155
2735037
15309692
7401447
2017155
7841770
1860483
6916041
243617
8970027
4284391
4446185
2869120
15371079
2225039
4501482
7669722
7470016
7792581
1929130
2719632
3463053
5436396
2798485
4110334
5086093
7311274
8316855
6006673
7794621
4415375
5865366
8036266
8511312
2484214
8491863
7960480
1872838
9325394
5129107
9303890
6729605
7487390
7972757
658407
2475978
4194250
8782705
4104134
8693630
8588152
606196
15357717
