7764084
4120635
8648842
5896276
6836326
9375873
4333650
7936104
8341614
2056205
2754620
5906508
9257114
8982674
3510315
8949910
7008331
7342162
3448849
4556896
8407208
4124695
6830145
981028
3411993
3287043
7841860
7387204
6836304
6885456
6039654
4345981
8605891
9287887
2840680
7637041
9433289
6785056
9205963
5427224
7669817
9429185
7465022
9007322
5400582
6053899
8261671
2898038
5046289
6688826
8634591
7645226
4886549
9310444
9480434
4954157
2824268
5865521
8083474
8353814
9203941
9543928
4214826
15200396
6883334
8220685
15263899
15331487
7397382
8198149
991349
5967905
5031984
1726564
8136706
7215121
8005883
15276140
1353887
8642575
8562706
15335547
6717684
8411154
4108461
9074716
8790047
8210656
6867190
2584710
9537586
15192131
7319754
8624166
2087097
8972334
8296663
15384640
9504826
8005834
15364187
6842585
5902568
15290462
3289227
5196019
4235518
8775739
4264067
8499273
8143029
7368893
8765525
2554103
7483553
5435524
7014589
6691006
6838448
8337575
9418836
8315041
3399891
9353326
7000207
6946957
7391385
8605802
8802413
9392227
5888182
8513651
9289854
15200275
9513060
1388781
8079493
9533550
9021833
620810
8974731
4184379
8466820
2636078
3078441
8114547
4553036
6609261
7739775
2978087
8348021
4272458
8645000
9275782
9277825
6170963
9484701
3254560
8401298
6193485
2550066
5048664
6039882
4329818
7276919
8741273
8053095
4514139
15243721
6166906
8745377
9460149
8163668
6048117
4618600
6035826
6842694
4284782
15266267
250166
2754847
4542832
9351607
1313071
8880572
2984209
2738455
4348285
5083404
8261946
9052608
15368609
2802023
8032555
7979310
6730046
8778200
7602452
1696120
5376304
7620886
6777092
9032175
5890366
5906738
9189860
15356288
8681967
8946150
8915448
15243674
2062697
7371016
8261894
5179702
4143427
9529837
7332114
7317999
8329725
7598583
4925901
6961634
4360651
5863891
6828518
5325248
6664691
7037436
8501533
9242897
1802629
4364764
7201266
709036
7750106
9396515
6064625
8497452
8845611
618919
8855849
3285405
4301294
7690714
15241560
9287997
4356592
3105177
6951376
7803339
6236640
4622727
5386640
4950408
2167268
7403964
8655185
2585073
6611379
2124280
6873520
6842803
5058961
8079782
15286536
6060478
7299469
6726019
3201494
9142636
8630635
8853871
4239785
7238023
8493416
8636783
7641498
8583532
7780741
8284554
7408006
2763218
9308534
8866171
733707
5141070
3093038
7887481
8995464
7770740
7195243
4612673
9099917
7535226
6126164
6701679
6056535
8952452
8239728
2425387
8530577
4467280
7965293
8596122
8278626
1843714
7625322
9065108
3469847
4610659
7742033
5900914
7455321
9018022
5163645
9366200
7014995
7469643
15241943
5976602
952908
8688327
5063179
7721522
2482797
4622863
7637565
9286340
4174453
5100035
7455295
9136859
8792786
8981213
6611505
4563474
4483608
7678505
8977108
8544988
15264393
8518368
8155672
5200423
1913463
8956642
9173728
1714806
15305348
2224719
3177026
7385603
2785886
6214184
8399607
8919796
8686331
9423373
5348057
8409609
8293109
7803643
4174513
15268455
9214488
15282812
8065763
5915331
8561177
3136177
7025397
4586221
6834882
8677934
2011829
6816451
2912897
7928535
8260301
7645890
676541
8460854
7994049
4930292
6623908
8610369
15237675
1802975
8088255
8471109
7807665
8925760
8833615
3070693
8295090
7273123
7547580
15215161
5100191
7891627
4326039
7361189
8948319
9300570
8311463
9421397
5978752
2628340
2585337
8110746
5335730
8428131
5989055
8024734
9212521
3283675
15337985
8677992
4237997
6247089
8297105
2620117
2708186
951034
9460325
2257620
4369077
7926401
8444538
8467069
9230961
15215127
9372559
9237384
8805249
7676797
4117303
7912307
8153975
4283213
1311513
3203903
4145963
8211304
1870593
6808388
8084312
8244057
8827820
5129061
8817581
4387695
5378943
8340306
9528254
7637828
7865160
4399984
7334746
7502663
7363398
2663199
8780722
5974883
7547722
8047427
9012149
8709049
9188273
1420119
8410050
4934412
5202695
9286599
4553483
9255875
9384897
8848328
9528256
1766216
9337818
8254250
6234887
6679359
8467423
15223689
8862692
1846137
8018706
4498221
9520120
6191923
6834951
3394369
2247505
7654151
7897868
1782636
8172299
4152134
4422457
2706258
4297533
15240085
8379138
8952585
3447734
8145918
8446722
998280
8893198
8137719
8059894
8147954
7902185
6054862
2599860
3296165
9044765
7711726
8698660
3396498
5106668
9212717
15266634
5073897
7877596
7453652
8033244
8426279
3500959
15297349
5012448
6046700
8551218
7959496
6157294
4363252
8225735
5415919
441272
2423781
2493415
3097582
8473410
8457029
7490484
7568313
2589675
6636468
9100125
8364963
4152289
7193485
7656340
3371985
7646110
3245018
7670682
9440097
8821621
4103114
5010362
8436598
15231760
8727421
8395641
6771613
7961475
6206368
9237363
9258121
9493652
8293499
8582276
8535177
9063558
8256620
8586384
8105070
6847615
9014417
8105058
7515241
6151233
8617118
1790980
6106178
15383754
6075517
9331884
3109898
6984783
2751502
8527018
8801455
7541849
2991110
4957280
8631464
6859844
2558986
2690055
8270926
9426108
8383563
4969597
5348455
9215156
3083284
4965488
6646878
8963252
8090693
1721381
9166027
7717940
8012859
498756
697417
5925913
15359148
6020119
5432348
15371448
8709334
3402854
6888508
7652386
9237723
8148004
9438412
2716749
7308299
7285769
8615140
6923265
8137751
8360977
8787176
15271046
2522199
9356543
7965707
7713795
5880878
8246282
8322057
7396364
7298287
7757046
1391764
8641538
15264874
8670208
6866144
6198485
8215792
8956934
9397248
2596022
7486691
5323970
4334807
8125678
3538082
7910639
986262
2227387
6100163
9458702
5428429
7898343
6888649
7924958
9346089
15273025
4543725
2718851
7306437
4146323
6960326
7988436
8711210
2772126
7331033
4267257
7849163
8406079
6907051
9028683
5387413
8449096
8086704
8635468
5065886
4369558
3517666
7603373
6608062
8737886
7777450
3464427
8076452
4478116
8236184
2874561
8559721
8543346
15223834
5334179
9376892
7660673
6612124
8266886
9149555
2817235
6782109
8643704
5379247
8219776
8422526
6991208
8193402
1768720
6159702
6208850
8793494
8353132
9139608
943387
7646572
8183143
9508234
247071
6057282
9029015
6640965
8644000
5393782
8365400
1959223
9346466
1908019
6710601
7937352
7951690
2983192
2731295
15322581
1910049
4580728
2145567
15314345
8902086
499013
9164232
7460148
6997292
8305977
5002524
9080280
6769972
7572768
9323997
4334870
8412633
15214002
2813297
8742366
4216093
9016788
7634218
7470357
9311720
8269079
580962
6034743
617831
15228295
6040879
7998733
9172476
9194996
6171938
2229597
7722485
2788779
8025599
3231159
8328694
8404235
9024770
703879
2567594
8445199
9389336
8101345
5868999
6630906
2485637
8551716
4171159
2649473
8428841
9520440
9418021
8652073
2479499
8306128
4574708
7671239
6243818
8797488
2524561
7859648
9100595
7679438
6057442
8375745
5191054
8969545
9413966
2055643
8037822
5029259
7304616
2434541
4156919
7370174
6784424
15355194
2610679
7038395
8183214
8678743
7867820
8469844
8729936
8858962
15256880
9375061
9241936
5205393
3220944
9540979
7962010
6958478
2606530
4490659
6860161
7847326
9071968
5119397
7402911
7476610
925180
7685510
419314
4406709
6098346
3210702
6894998
7923322
7962235
9428617
6729324
9094784
6069847
2666040
9528963
7472740
3378724
4286040
6006338
8363622
9479819
5901894
6239810
9057941
5906043
9463475
4517472
6821452
5125739
7243339
15212239
4468323
7745105
7951966
6678093
15220417
6901314
7728734
15382215
4552296
8320595
4275823
6135405
6178406
7685709
8377927
6123108
9465515
8334911
9109194
9203404
8171070
2520672
5060106
6131216
9080519
9049796
8715979
2526838
4306451
8445651
7319096
15271567
609888
5996076
5056048
15222376
951948
734861
4302534
5959389
8285942
15367777
8351476
8898059
9289219
9457182
2207406
5975754
7962344
9461250
3192485
7589609
15345270
7347950
5951226
9250348
9436717
7202504
1367730
6981324
6072052
6176502
9256485
4136593
1312422
7251675
8676913
2029223
5986018
6170336
7521968
15269419
15253036
7489206
7997106
7808700
7470782
8085163
9418330
964311
1869509
7863982
8818268
4478623
1304270
3262188
4290204
2199294
6913718
8918615
929516
3417814
4970153
8183455
8441444
8986222
2066167
9281125
9434727
4101847
6942336
9037433
5998249
8033935
8654449
5412516
7372422
8165002
5983916
8582773
4460221
8521336
15293973
6895253
1859299
9227891
7622517
7962491
1414934
3381044
392983
9291678
6205253
7444330
6242115
7429997
8191842
7982937
4314976
6612806
7620435
9410472
9289637
4613997
9062330
4171529
2088743
4401019
15382483
8396729
4130563
8062791
6092642
9381809
8161081
4638478
8841164
15214499
7374652
2533227
8900554
7034660
456532
6182668
5091097
9449414
9224150
2160507
8495069
9174999
7776040
2510713
15253388
8542181
15249281
2543439
7474974
4566827
15355802
5895981
9531364
4310839
6610719
7509769
7821068
5369644
9508844
8755194
6772709
8476419
9058063
9477909
2914218
1974169
5107652
6991843
15327075
8726283
9297667
4376530
7024634
7378913
8974111
5418954
7227380
7505896
8820508
4442082
6053885
3514256
6055930
8847136
5099498
8455974
9053987
3243932
5339134
7204829
9207614
9097017
1968042
5173240
229310
2080674
8142786
2492390
6199199
15324971
1886175
2236385
7423927
9523036
9369438
8947545
8112041
9482051
7651234
4886421
6645637
6608775
7509905
626671
7739281
7450525
4163538
5463968
7661447
9226111
7554951
7876493
9189236
2652113
985076
3446730
4327356
5920677
